55.4073 80.7357 108.865 111.406 83.7149 -29.875 175.899 69.1759 -57.0579 
111.175 85.9487 65.0132 44.4735 28.4088 31.6783 128.142 54.7991 -32.89 
122.183 127.102 114.55 79.229 58.6659 56.1875 140.86 52.992 -20.9694 
133.569 87.8286 23.8138 118.571 81.1326 52.9661 144.053 83.8854 -67.5693 
76.5614 82.3092 84.0975 67.9196 82.8065 87.2917 135.229 93.247 -38.5174 
142.838 102.162 -44.9583 121.635 76.293 -43.5965 157.558 59.736 -36.906 
143.426 110.891 70.3843 72.012 55.583 54.3296 141.979 74.9259 58.9466 
47.3895 75.6622 109.61 136.051 70.482 -40.9632 107.468 72.0387 22.4218 
83.2206 69.0623 71.1898 57.2749 36.8495 34.6425 154.863 58.3517 -47.1821 
57.4778 85.4581 105.328 26.7751 30.5206 39.0365 133.182 85.113 66.1303 
94.1311 115.938 122.656 83.8849 66.671 64.5208 126.411 77.6584 47.5055 
160.945 98.7671 -70.5598 32.9201 27.586 33.2077 141.139 48.0709 -18.8684 
62.7776 73.9705 76.1108 9.73609 16.3728 23.9395 181.289 73.6706 -50.659 
139.643 115.3 71.0416 67.1895 59.9673 62.7483 157.202 73.2774 -54.2541 
39.8038 69.8907 100.249 97.4205 87.9066 61.4599 73.5183 79.8082 73.7386 
144.35 93.3899 34.59 48.0955 47.6733 60.8206 129.406 81.7285 27.0036 
185.363 71.1837 -75.5277 90.8187 54.0304 -34.2174 152.954 72.2448 -56.6831 
91.1485 82.5638 82.602 87.6736 74.4124 66.655 124.874 54.2056 20.6794 
98.2713 77.7205 67.1194 101.97 61.949 61.2328 165.219 80.6682 -49.4426 
141.129 108.184 64.2877 103.75 74.0691 66.266 140.574 85.8886 -14.78 
116.372 82.5084 61.9615 62.2785 66.1186 77.8542 176.056 81.7794 -67.5084 
170.196 60.5261 -49.4976 82.7857 41.1414 -32.0826 145.827 44.3929 -42.3639 
108.938 91.7719 73.6825 77.7372 60.9668 49.4861 149.703 78.369 -37.7502 
74.0636 69.926 78.0467 52.8214 36.1746 31.933 124.105 75.764 40.3242 
136.649 75.9644 -8.94443 39.4959 37.6734 52.7476 150.46 42.5962 -39.4231 
126.076 77.7496 64.1831 45.5756 40.2546 51.8886 99.548 74.4022 64.3953 
116.541 87.4552 62.9317 43.777 30.4186 25.5411 170.62 52.0653 -52.7472 
138.232 82.5994 -46.7554 22.4866 18.2541 20.4117 148.307 59.2046 48.401 
118.963 69.6332 32.4383 48.0989 41.8431 55.0558 150.235 59.7101 -45.3008 
159.997 63.8292 -59.6478 35.4644 27.0719 38.8325 105.513 81.4028 73.795 
125.077 105.552 81.0074 54.5763 46.8289 61.0142 160.059 71.044 -59.4199 
93.1364 85.0748 81.882 79.3 57.1332 44.9556 153.656 73.6255 -44.9405 
127.734 78.6713 54.5582 108.335 48.2176 28.6735 120.825 75.4567 -47.2004 
141.154 90.55 -55.7359 111.511 53.8448 44.812 152.233 49.9944 -40.6855 
57.2905 44.4232 64.9527 53.6389 54.9305 66.1829 161.535 64.6706 -48.7144 
61.5488 80.6129 103.439 40.3768 46.4767 61.7604 132.288 90.3457 59.8973 
40.79 63.0746 95.9512 33.7739 59.6039 85.8746 130.815 72.2098 -51.9867 
54.1722 78.6779 110.514 174.983 75.6225 -74.1623 117.225 75.2932 46.6695 
39.3806 47.5704 79.1079 144.976 67.6058 -47.7027 102.488 71.6058 59.1626 
126.025 99.3136 52.9914 133.514 81.8982 59.8789 151.258 67.1833 -51.8364 
60.0316 93.9259 121.796 49.7345 64.9291 64.9641 157.088 72.724 27.3528 
135.08 104.162 -44.7399 50.7501 62.2889 77.233 179.931 88.894 -82.7228 
104.596 101.795 91.7745 139.674 67.9997 -26.3096 112.026 62.4977 31.959 
122.023 66.6366 30.584 116.642 56.8587 50.3916 144.434 70.8985 -40.2887 
160.074 68.0679 -57.2111 92.2847 67.9451 64.3042 160.776 88.7973 -41.7033 
197.536 72.1323 -80.6254 112.851 63.7579 -27.7245 180.187 64.4726 -56.6961 
100.532 94.5046 72.2143 29.4699 41.6015 58.6012 108.484 71.279 46.2287 
105.047 95.3618 81.6211 51.9142 66.1729 72.7129 121.587 77.2554 60.1853 
211.948 74.0593 -67.4968 23.3085 18.7813 21.7339 170.383 76.565 -17.4011 
157.585 83.8668 -56.5371 55.5515 46.6961 37.8848 152.118 49.2693 -38.1934 
136.224 89.4299 -44.3615 55.8327 51.1436 58.4165 102.135 64.8019 -32.3067 
107.256 105.012 94.869 114.797 69.7124 46.9583 54.4944 60.8953 67.9785 
111.439 83.8315 68.3188 62.579 34.7896 33.36 133.344 82.0723 56.8273 
98.8298 86.04 88.2712 114.536 67.9481 45.8458 134.641 71.6555 21.5695 
204.972 61.4556 -70.8878 38.8255 34.2235 45.4778 147.618 54.5246 -53.328 
125.008 83.8352 29.5594 117.372 54.1693 21.3818 122.591 81.2817 59.9021 
133.873 111.927 90.9808 75.1062 63.5099 72.2341 163.469 66.5242 -64.3456 
151.786 101.838 56.0113 107.263 75.0285 59.6144 143.939 85.6344 -37.4695 
103.481 95.3833 75.9229 109.434 43.4258 42.9918 168.655 58.5141 -55.9719 
119.002 90.2086 51.1798 73.6408 53.1738 35.287 179.242 42.082 -46.2483 
139.153 92.9417 58.7563 36.2668 36.9681 46.8493 141.065 76.1462 -54.08 
87.6087 73.0149 73.1519 85.2076 67.7083 74.1751 132.342 76.0646 31.7882 
70.4333 42.3584 54.8678 105.509 53.0052 47.2812 137.836 71.8248 36.3506 
141.845 102.443 -49.9116 109.809 62.1864 31.0657 173.078 54.6283 -52.9419 
154.607 87.0803 -56.1192 43.5666 45.862 53.3325 159.216 74.7961 -14.6641 
69.4034 103.755 126.761 206.247 54.9216 -61.8805 173.111 58.674 -48.847 
83.4147 77.3265 81.1671 65.0159 49.1986 40.6149 163.004 58.9315 39.9051 
143.656 115.285 53.448 48.4688 57.3571 73.9511 138.667 78.5105 -39.7276 
101.736 97.1859 82.1767 97.0052 50.9599 27.0193 124.199 49.9226 -13.3322 
122.363 83.0219 57.4838 84.7898 48.7179 -25.3963 124.238 60.4238 29.039 
135.224 122.276 88.9563 49.4397 47.0999 50.3174 154.523 78.8752 19.3519 
113.558 91.4432 82.3006 93.8962 64.9416 26.3714 154.15 59.2935 -45.0537 
135.404 100.095 60.4987 55.6218 63.6462 76.6977 134.858 72.0404 -42.193 
124.731 88.2627 50.3616 22.0471 26.259 37.1843 158.226 77.8334 -19.0274 
117.039 77.3536 66.6019 88.3709 61.5664 47.5856 139.099 75.2682 48.38 
65.9107 81.3024 107.637 50.9 52.4191 50.6673 154.356 87.2726 -61.1762 
153.538 84.5113 -47.2957 65.8304 50.3365 48.3717 167.737 62.7089 -55.9453 
141.687 99.3737 -32.6855 60.7645 53.2379 56.4864 187.281 59.3785 -59.5362 
82.6137 124.125 142.372 71.5439 48.3954 55.4728 141.553 62.1935 -46.1072 
124.575 79.9122 41.2672 101.802 55.8431 32.1917 186.759 60.3972 -66.2024 
93.7571 102.794 100.189 121.183 68.8761 -22.1455 112.483 46.4005 39.0194 
114.534 78.0227 60.7383 92.738 49.044 25.2213 130.609 73.3352 23.6934 
126.586 87.2247 45.762 47.7321 46.8063 61.4867 134.644 88.006 46.1664 
153.006 77.9888 -57.4357 104.988 79.8571 36.3069 142.722 56.9108 -46.9903 
41.2128 61.0455 96.1846 141.089 83.8642 -62.2333 95.4086 75.7773 49.6161 
185.75 99.5116 -81.2582 48.7729 51.4781 59.3034 119.163 70.5004 64.8268 
112.964 88.0515 60.2158 94.0796 54.5788 38.9407 154.905 77.1287 -61.0534 
99.0729 99.4335 94.4197 75.9903 67.6945 75.5922 147.606 89.845 -61.3612 
98.2543 72.7412 65.788 97.6841 52.1913 36.9185 118.548 69.6997 32.5205 
71.7732 88.6225 106.771 91.9067 60.1567 36.7734 132.75 63.7805 -31.444 
68.5486 74.3283 89.9833 72.4246 48.8595 40.0014 159.81 62.3509 -53.2884 
134.698 110.528 73.5513 32.9984 38.8443 54.6207 113.578 55.7754 -24.9396 
136.762 49.5641 42.9828 103.789 52.2198 16.1604 122.742 76.4438 59.883 
108.156 129.801 125.211 51.0253 39.7861 53.9269 154.771 55.9822 -40.6811 
65.0113 61.9187 87.7727 83.5311 38.0419 49.7922 145.623 37.1651 -32.9141 
84.6396 108.396 121.064 47.025 60.1556 79.7801 119.835 69.5917 -28.4704 
137.511 94.4096 93.901 117.667 49.5683 32.9714 121.014 55.8307 47.2465 
78.0299 48.7048 46.8736 151.198 55.1148 -53.5257 116.506 71.0939 48.2909 
121.703 108.282 93.2774 44.3324 66.0293 85.2761 171.874 59.6693 -60.2392 
111.337 44.8267 58.9055 146.689 71.4022 -51.4488 126.795 60.1069 51.9339 
190.449 90.7011 -80.5472 58.6419 78.4691 89.1972 111.43 73.3398 51.7084 
98.9481 90.145 105.831 165.076 78.2437 -53.7798 106.31 58.8971 48.0738 
61.9644 58.5867 83.797 78.6873 59.8566 67.7735 142.957 69.7001 -55.3793 
109.103 109.743 108.152 54.7618 38.9102 50.0373 165.501 73.9423 -43.6466 
79.4457 54.0315 81.7878 132.778 58.3507 40.1669 109.562 63.594 48.4691 
81.5948 98.2011 114.192 50.7722 43.9596 61.4507 132.608 63.0893 -46.6859 
161.846 138.077 88.6462 96.4188 65.2616 58.8052 120.39 64.3514 27.2341 
40.94 38.5624 71.8912 111.135 53.4388 57.0579 141.11 60.6047 -57.6063 
155.127 120.76 55.8072 29.9863 30.915 46.5148 131.002 53.3742 33.61 
103.273 115.765 109.372 78.1029 57.9774 54.2635 128.415 69.0263 21.6897 
152.312 54.9546 56.6845 85.119 30.5745 24.9454 70.5969 34.1201 44.0654 
99.1335 64.0465 75.2744 101.437 56.0138 55.8098 119 47.515 -23.0247 
54.4346 52.9107 83.245 79.2196 53.7588 56.6525 122.106 50.2077 30.8647 
134.19 89.8929 86.2123 115.587 72.1868 60.8781 179.344 65.4322 -63.3428 
92.7171 90.9358 112.903 148.694 51.3645 -27.689 122.026 51.8138 23.9536 
132.787 99.8273 78.9304 45.9001 44.8251 57.3426 123.879 50.8324 30.9456 
123.156 108.891 93.6931 58.6601 66.1739 79.2815 140.382 63.8597 27.2894 
89.4506 86.1804 96.9889 52.9679 59.8633 68.2386 179.007 75.2382 -71.8184 
114.966 42.6389 47.4021 163.211 57.9011 -38.718 87.6805 63.5362 56.0429 
141.038 87.6049 68.0792 50.5126 60.6228 75.413 124.621 67.5443 21.7309 
78.0754 95.3236 117.72 83.7274 66.2201 72.8989 140.047 64.5351 -49.7735 
89.0576 111.153 122.004 54.6928 44.3794 48.1979 144.935 59.1373 -37.9258 
91.1106 72.5183 89.4876 179.362 62.1266 -50.6102 65.4937 56.4672 49.3995 
92.4608 70.7696 96.5333 115.908 64.3926 24.9583 146.853 54.7707 40.5247 
99.0671 95.879 98.83 41.4978 43.6013 54.7712 126.615 59.8041 20.2778 
117.564 97.213 110.373 135.927 64.807 21.0548 109.058 59.5685 51.1916 
64.314 57.9496 83.5058 104.826 64.7248 63.103 109.981 50.6917 19.3543 
60.2616 28.3847 41.3456 159.641 56.291 -35.6691 140.085 69.2743 -47.5799 
78.3747 45.1038 62.8235 194.56 77.5447 -80.2688 173.177 57.109 -37.0257 
146.157 48.4692 -51.9683 132.489 51.1949 -41.6456 78.8274 45.3649 30.8383 
132.596 94.2623 77.7906 113.207 58.1459 20.8373 86.5137 75.5603 70.9187 
73.2739 123.055 146.917 104.762 55.6668 53.4913 150.193 71.6862 -47.0313 
87.4692 102.677 114.916 67.0457 54.9871 60.6375 156.996 66.6486 -57.9621 
147.353 65.9122 68.8027 126.568 49.629 43.4493 154.035 61.0749 -32.868 
107.595 82.8333 93.4741 114.235 56.7343 -46.8199 121.282 47.4522 38.534 
151.854 53.6209 -36.4706 46.1981 28.0049 28.5442 165.555 62.3329 -34.8461 
117.269 103.252 93.5513 45.2742 53.6454 66.7445 156.343 78.2113 -52.8431 
80.4245 74.0096 92.4123 106.509 67.4645 51.2866 108.86 62.8761 49.9538 
134.355 80.5104 61.8066 65.4613 37.6614 30.8875 154.323 58.2907 -31.0147 
64.9195 71.3085 96.2716 49.1129 46.7032 64.5962 131.658 47.2065 -34.1127 
169.482 121.973 -57.0067 57.8576 55.2082 67.4143 127.247 66.9069 34.6173 
209.688 85.6417 -86.841 79.204 41.4589 -31.8079 163.149 45.0105 -49.8754 
180.089 127.345 -75.4113 112.807 68.447 53.1643 85.5849 70.0754 71.4433 
67.9671 68.3022 82.4539 81.31 44.3619 39.7903 147.056 60.5798 -47.6944 
161.5 103.267 -75.082 45.0648 55.0234 55.4355 166.703 84.4557 -62.8182 
148.42 100.636 -34.2679 48.9077 51.8873 66.3943 137.179 56.556 -54.5327 
189.936 82.2638 -75.5242 63.7281 59.5302 66.9123 165.667 75.0074 -50.6578 
148.635 149.952 99.3225 42.8221 33.69 37.086 117.577 38.396 33.4592 
153.744 79.6669 62.584 85.2897 54.0649 47.5722 159.294 37.7359 22.2052 
147.118 95.737 31.6622 33.5348 32.2665 40.8452 133.056 64.4265 48.2787 
79.8996 100.861 118.477 72.457 44.088 50.5214 123.663 65.4967 44.7579 
113.336 122.326 114.072 48.6352 37.6595 42.0889 121.811 60.1865 40.7334 
110.689 91.743 94.1796 129.075 58.5227 -22.2966 124.132 52.6115 37.2302 
49.6945 47.0538 75.8096 66.7954 48.8155 56.3822 154.686 52.4082 -34.7303 
66.4399 88.9246 112.729 80.3267 66.1362 75.6347 124.428 71.6274 34.9759 
142.416 84.6316 69.6798 86.9777 56.1002 53.4349 101.604 62.5217 38.3204 
62.0407 35.0355 56.3116 100.12 37.9924 28.54 88.0464 28.0886 27.6998 
153.882 142.768 71.5391 73.3365 67.1451 73.2106 148.096 73.933 -31.835 
88.0947 56.8613 81.6909 174.33 49.7217 -39.3282 146.999 53.6123 -40.7334 
68.2895 57.3453 82.3093 74.0006 35.6435 -31.101 137.415 57.1387 19.7665 
119.225 80.9622 56.2012 62.4607 41.9229 44.0312 114.555 68.0922 46.5296 
81.3081 83.8536 105.999 65.9288 70.9962 70.0882 150.849 66.4355 -50.2768 
87.725 62.5589 76.1304 85.1235 54.4968 54.7897 141.198 64.7517 -46.9463 
89.0822 72.9744 75.146 74.4082 74.7457 80.8369 124.649 58.4354 34.9536 
115.559 73.9087 79.8012 131.59 47.1266 -42.001 133.069 45.2993 -38.3301 
46.2414 48.9165 78.0652 89.8927 37.9929 39.5116 126.662 38.2345 16.3879 
116.703 61.4415 78.0934 145.663 49.4948 -40.2896 115.99 52.6157 30.385 
107.972 80.9079 95.7202 122.451 60.7465 40.444 75.4527 47.3158 45.1722 
154.995 94.8375 72.7818 81.1096 55.8979 41.1616 143.305 57.1226 12.4847 
82.8481 70.5299 90.3364 81.1297 39.0731 29.3737 143.782 52.7876 -19.4615 
107.727 85.5572 104.639 108.788 45.2596 36.2606 117.597 51.6196 28.311 
116.113 68.175 73.1421 112.09 65.3302 -49.3051 135.282 41.2998 -47.1112 
137.163 85.2044 86.7805 107.402 50.22 30.8483 113.204 51.254 -28.9917 
63.687 81.3465 110.003 57.3386 36.8172 42.7196 132.415 46.7068 26.1484 
93.5125 51.5562 68.5276 148.021 57.6274 -40.3928 134.79 54.6645 36.4537 
122.249 107.497 88.7362 71.0582 57.0729 62.7423 134.537 68.489 32.1341 
96.4492 126.929 130.323 38.0822 35.1287 35.3797 173.73 85.1528 -59.0061 
130.689 80.4688 45.6102 58.3373 55.5058 68.7258 125.667 61.4725 36.4584 
195.328 46.1219 -62.75 83.6391 36.9434 37.7972 152.608 72.7915 -58.2869 
120.349 98.6969 93.9295 55.5435 54.5455 62.4188 154.77 71.0536 -56.7609 
59.5846 76.8482 104.34 64.8463 57.4122 62.543 110.456 50.5004 38.9295 
127.8 94.9042 68.3625 60.3831 53.6324 60.2957 147.662 65.8716 -40.4124 
117.646 83.5681 91.9467 117.358 57.8149 37.5068 151.508 60.1733 -40.8038 
55.2578 80.6045 113.064 79.3965 38.9389 40.2533 133.827 62.6086 33.0124 
38.1949 55.2883 93.1149 95.2689 37.8497 34.3361 131.469 58.1927 22.757 
55.0838 62.8403 91.2144 78.8349 38.3414 33.7106 134.906 55.6168 -40.7916 
73.7963 82.2779 104.538 128.527 64.2899 43.1622 128.098 65.3102 34.0155 
120.626 93.1851 79.4189 37.3625 56.3878 72.3339 135.327 53.0314 29.7914 
104.161 114.336 116.305 66.6689 46.2884 50.6151 132.801 70.2149 -13.6487 
113.43 51.0532 64.7097 154.618 60.789 -44.987 138.987 55.1937 -41.1635 
60.5542 94.2936 126.582 121.223 63.5374 35.6377 159.457 66.9155 -46.4365 
31.4519 35.1217 66.2108 102.211 46.5042 46.7498 169.503 55.6847 -58.8768 
47.1207 53.7394 89.2555 65.6178 32.5842 44.0654 154.883 52.2208 -52.1309 
76.4741 70.3214 86.0828 31.2097 37.2618 53.3846 149.07 59.3921 -57.3392 
85.9378 70.0524 82.735 41.136 38.2496 49.2711 126.07 65.9794 -34.3119 
77.1155 84.3527 101.829 141.583 74.3237 -29.3608 106.863 69.8116 51.6225 
60.9949 66.0628 98.2076 75.5947 55.7695 63.1629 165.567 67.8168 -49.7535 
69.9638 107.552 122.867 59.1843 72.9837 71.6458 181.39 85.1001 -70.9543 
70.0698 35.5921 59.8494 174.498 46.4179 -14.2972 92.5271 43.622 40.7093 
121.837 114.08 87.9314 26.8571 36.4455 53.4004 120.299 55.9019 13.6045 
72.2865 70.5661 90.8416 46.2306 34.6939 41.3273 111.482 54.9846 11.2086 
53.6365 58.5549 85.5301 137.269 50.1862 31.9063 107.545 58.9155 40.0639 
55.4511 71.0866 96.3747 60.7719 43.6545 53.2631 154.135 56.5074 -55.2711 
97.7841 110.705 114.34 40.2949 30.5874 36.3949 139.552 52.6522 -34.1976 
51.757 20.954 29.6461 186.195 55.682 23.3903 165.651 46.401 39.7878 
140.738 87.7305 76.205 109.49 63.6535 49.8318 122.216 75.9022 45.1862 
240.469 95.5121 -105.273 56.1032 46.7792 49.4652 190.984 67.3412 -74.3607 
84.8759 49.1307 43.5405 166.352 52.3204 -42.244 154.323 72.1713 26.0659 
90.1672 48.0942 43.5543 120.391 87.4462 -37.9028 133.735 77.0514 52.962 
260.938 64.9017 -44.5974 179.159 52.4909 -39.0133 66.5208 66.7679 71.5616 
64.2883 30.2408 44.7784 174.242 70.514 -63.8444 96.6597 63.6189 58.1931 
163.561 128.103 89.0902 139.245 74.3878 -23.2446 153 41.4499 -31.9316 
121.794 130.616 123.291 128.13 86.5923 -29.8253 167.538 80.9275 -68.6489 
202.954 139.22 -110.581 88.448 53.095 52.4972 81.4841 87.346 87.0608 
142.661 48.0471 -15.9896 167.566 67.034 -67.7441 230.904 36.0307 -47.6714 
195.357 121.486 -67.2466 89.168 61.5763 65.7376 91.9068 42.9093 23.3064 
119.305 98.1555 92.4704 128.334 58.3946 24.3097 109.183 63.0404 51.0406 
118.192 121.77 116.862 108.93 86.856 59.4059 145.985 83.1109 -38.6602 
39.5105 26.2567 53.9943 234.958 49.2605 -70.7047 182.708 61.722 -63.2443 
118.314 108.525 98.6659 83.1288 79.2765 78.4867 123.345 66.9018 30.877 
71.342 19.2383 21.2777 202.839 66.008 -69.1587 116.55 64.147 43.701 
88.6576 131.01 146.669 163.692 62.2357 -58.0453 201.674 58.155 -65.0263 
91.5135 35.6194 31.8218 102.873 29.944 18.9733 134.697 57.0322 -30.471 
93.1211 132.812 149.511 168.331 47.3099 -33.9292 168.029 72.3817 -52.2121 
298.729 114.801 -144.527 200.241 63.0505 -70.23 211.503 46.6358 -62.71 
121.986 84.7556 95.3361 157.204 69.2827 -53.1925 150.391 49.5633 26.7083 
168.033 159.131 97.7746 181.627 54.2219 -42.6767 183.586 51.8953 -32.7922 
86.7502 82.8295 108.696 111.763 65.5125 55.3928 114.457 57.1914 52.3191 
131.903 102.906 97.5176 95.9289 57.9286 47.6752 124.776 75.1407 57.2628 
88.4627 63.0419 71.857 146.999 87.3055 -60.1179 103.201 72.4826 60.3327 
110.384 47.082 37.2087 68.1913 51.1759 61.4376 117.204 62.2019 -40.7723 
132.404 82.1098 102.858 190.539 52.7547 -40.9524 132.401 61.2318 33.6332 
77.2139 61.2486 86.4138 137.058 60.0144 -16.0281 124.857 69.5524 47.4754 
109.117 57.4498 60.4202 154.64 74.6489 -61.2132 71.9018 53.8443 52.2555 
107.889 82.3553 93.9814 99.514 62.9675 52.9936 128.807 68.6507 37.7482 
274.801 56.2299 -83.8937 121.747 50.5254 -13.969 142.36 50.3826 -52.2471 
95.5999 80.286 98.6582 89.186 57.7607 43.9143 93.5263 67.8792 57.1467 
72.3406 79.9474 101.407 137.536 73.8767 -30.7274 156.031 76.6104 -41.5432 
83.3915 87.6174 109.685 116.796 50.5422 29.6546 115.004 66.837 49.0799 
122.804 87.584 104.139 174.654 84.8196 -76.998 86.3624 75.7758 74.4482 
214.329 100.077 -79.882 133.137 48.8657 -19.7498 141.557 68.5743 -34.9062 
198.424 114.398 -104.283 163.825 68.0464 -62.4866 174.923 57.593 -60.1954 
132.677 105.542 93.7202 142.782 60.608 33.81 148.63 67.1214 40.6879 
99.6753 96.2828 106.905 91.9769 74.9957 42.7391 145.384 78.7001 40.0512 
130.996 101.117 110.021 88.9274 51.8887 46.7264 147.433 38.6734 -3.99565 
155.736 112.377 80.8389 52.1693 35.7281 31.1725 151.617 56.9943 34.1034 
153.447 113.614 108.184 97.308 54.1688 51.1426 138.341 65.1413 50.5655 
84.3925 91.0441 118.961 168.427 72.2437 -57.9248 134.56 62.5043 -55.1307 
132.672 109.598 109.552 145.859 55.8636 -36.186 109.368 68.8536 54.8536 
121.976 75.555 94.4097 194.225 48.8139 -50.1739 136.44 53.3411 35.3166 
186.5 103.675 81.0881 123.757 45.7643 19.3317 144.666 43.6454 20.6004 
124.552 88.2395 95.1961 209.069 72.6691 -85.0832 101.319 75.0355 60.2778 
161.995 92.7463 29.3702 63.7115 46.2649 53.7746 124.465 63.7764 53.7998 
163.95 133.018 52.0311 123.769 61.1181 -34.4664 148.165 90.7073 -64.8431 
109.256 63.5315 62.0531 109.723 58.563 33.9025 145.402 53.4038 -34.7398 
77.7895 26.109 37.0911 169.048 64.5458 -43.3686 126.261 49.2591 34.4351 
57.1051 37.5959 54.489 146.513 60.7135 -43.3581 141.212 55.4396 -15.4833 
128.616 109.865 94.0812 108.91 62.2016 54.1553 86.7217 66.1133 65.9671 
95.9508 25.7968 27.4913 119.945 48.9343 20.1548 98.5892 56.8531 45.4929 
56.2861 10.8982 11.1767 132.043 36.1644 28.1634 168.234 24.8496 6.9586 
91.4405 64.1716 79.1455 116.747 56.9887 38.4646 108.046 64.6568 48.1887 
102.682 98.8077 111.426 94.8458 66.6448 45.7097 131.999 58.0719 41.6586 
74.3264 76.6564 110.128 201.726 58.5976 -63.2621 109.856 72.5758 58.7596 
167.116 125.238 84.0592 104.463 61.9386 54.1769 68.8484 62.4658 61.2746 
74.9867 33.666 44.101 161.814 61.5577 -33.3604 109.097 64.9339 25.8725 
83.3949 89.3281 110.552 152.015 70.6532 24.5073 134.596 83.4984 53.5234 
110.009 76.226 79.7261 99.0631 56.6015 47.792 108.793 68.6135 49.6493 
167.537 88.1921 14.9188 100.757 67.0042 60.8136 134.012 64.1558 37.541 
86.1973 23.1203 26.3846 201.386 53.7501 -61.1719 120.384 65.1839 49.978 
45.5517 21.9688 49.4909 199.41 63.6861 -64.3033 179.558 45.0607 -28.851 
33.2588 50.2294 79.2969 186.945 75.9677 -82.4329 139.648 72.7462 -68.3834 
84.3695 47.6722 70.7165 190.266 62.3063 -59.6627 109.703 60.4602 46.97 
98.5969 78.7239 91.2384 102.876 79.2129 73.9615 125.299 58.1516 38.7049 
192.183 97.4988 74.1729 121.145 43.0909 -13.3952 147.661 47.4879 -34.8016 
111.106 56.4205 43.5137 110.206 100.063 70.6973 119.303 81.9368 35.4291 
123.745 76.7765 81.0578 97.3345 51.0909 35.5453 115.624 48.8612 41.9067 
196.544 127.14 -77.9479 110.13 80.1376 44.7758 179.156 63.6185 -54.8454 
97.8692 58.3505 83.2629 161.591 65.8807 -49.9009 107.387 44.6736 23.9878 
124.693 103.779 77.6482 120.124 70.9132 -46.4298 207.817 39.1877 -51.7682 
81.7943 65.3159 79.9052 135.075 82.8678 -59.5803 127.505 64.617 49.281 
127.062 152.991 141.587 195.774 21.118 -30.2658 184.755 55.5518 -56.497 
128.933 147.724 128.352 43.6697 47.9034 51.7433 214.044 49.5826 -63.8093 
101.218 60.3826 54.811 154.213 89.487 -57.0078 62.6375 68.0729 72.6575 
65.4595 76.5369 97.4904 150.653 83.8401 -58.3583 129.876 75.5483 41.593 
141.381 113.409 90.4496 76.8345 49.6211 56.2502 132.853 45.285 24.1932 
52.9681 24.4968 38.1186 182.082 70.8254 -58.263 119.958 77.1784 62.6981 
153.958 65.0229 -70.2323 209.053 64.8073 -73.3946 107.226 45.5452 41.292 
164.218 99.9902 80.2405 141.06 64.8207 -35.8004 138.19 60.1099 -46.6954 
107.352 40.964 50.4932 128.076 46.4607 -38.3867 142.125 42.8761 43.3309 
104.132 81.845 103.795 146.329 62.5985 -38.5922 139.241 74.9465 39.3326 
130.979 130.381 129.435 138.42 51.7133 35.3979 115.916 73.84 44.1384 
66.4054 42.6485 64.4757 157.257 62.3089 -24.0247 128.319 62.381 8.12004 
203.056 128.705 -83.7145 95.7824 47.3147 45.3838 152.321 77.0919 -58.6864 
133.432 81.6037 94.1463 71.4974 59.0829 49.6277 129.432 70.3204 -31.8192 
71.8737 92.9855 114.11 109.886 84.8685 60.9201 157.278 84.5903 -65.3382 
100.375 77.4634 82.0207 121.842 56.5684 41.5365 143.624 67.7582 32.632 
204.908 141.059 -52.1591 166.375 70.4474 -55.4 174.873 58.883 -56.6178 
103.346 25.8109 -4.99146 121.915 64.0938 -27.4969 105.492 72.7842 58.3595 
216.634 36.2722 -54.6094 17.8635 29.7078 47.9787 211.758 35.8789 -49.3036 
135.312 85.4539 67.0606 94.7043 50.2132 41.4412 135.583 63.2737 45.7222 
104.186 51.2652 51.9672 51.4926 50.149 49.2914 138.24 62.3234 -39.4145 
133.032 125.468 116.876 144.046 80.3786 -49.2911 134.138 88.5963 -38.6319 
121.084 88.4079 89.2498 70.2136 44.322 31.2712 142.592 52.3196 -31.8428 
169.417 125.072 106.187 120.761 41.2699 38.2989 137.016 59.5965 -28.3398 
43.1767 40.3919 66.608 199.739 58.1254 -57.2938 128.863 79.8644 53.1285 
59.1664 95.8652 118.581 125.252 113.798 -36.9387 77.7555 99.8039 91.9167 
86.4225 28.9091 41.0894 158.427 53.6283 -35.051 108.771 59.5623 49.6918 
135.984 89.9995 95.8776 62.6911 47.1222 40.9777 148.599 44.3761 -30.9408 
152.076 135.077 117.188 215.746 47.0325 -54.1496 103.652 80.9111 52.1464 
179.041 98.156 33.6633 84.433 42.5538 44.1402 120.996 69.8234 49.6234 
124.977 64.1699 72.3859 79.1583 50.9767 39.2871 142.793 64.5052 34.2737 
133.142 77.2469 57.3686 51.69 56.9917 67.1676 155.078 63.0274 -45.8625 
170.975 103.325 87.6135 129.377 76.4427 48.0505 156.306 48.1009 -28.083 
83.5132 56.6299 75.9257 99.0846 46.967 36.4842 140.557 55.2432 38.8216 
116.991 80.1539 44.1671 83.3327 48.6134 26.416 174.34 65.4513 -59.6736 
145.999 83.9443 88.4801 74.8804 45.0305 26.0103 141.012 52.4059 29.9103 
147.847 80.2727 88.3696 91.7329 45.0168 36.0852 135.166 46.8568 37.4619 
82.9875 67.2364 97.792 154.578 68.2805 31.945 151.911 40.6291 -27.6188 
143.896 140.604 123.652 132.091 70.2439 -47.9425 170.332 62.5198 -56.0754 
175.277 68.7217 58.1618 132.974 51.1186 -43.2985 123.25 58.0649 44.3652 
67.6374 36.5289 46.5079 191.913 61.8284 -65.9496 135.546 94.6028 33.9561 
191.195 102.96 -92.4279 119.503 82.8323 48.9646 135.921 95.5803 -58.3899 
43.3443 63.2757 93.7042 177.103 101.889 -102.98 115.007 98.3473 51.718 
52.741 29.1888 53.9766 188.591 56.1117 -52.2195 156.225 70.1289 40.9972 
150.412 82.1851 67.3755 49.1924 45.4097 58.3495 144.546 58.5106 17.58 
76.6296 94.4514 118.778 225.776 49.3346 -64.5187 93.4426 57.5929 56.9156 
87.5091 103.06 125.413 138.767 75.0695 27.5058 155.609 67.0093 -42.8986 
67.2532 71.942 93.3511 86.4928 89.0536 82.9269 114.407 92.4168 44.7205 
63.9185 73.4744 101.715 62.454 42.7901 49.4502 101.371 54.2171 54.6676 
59.4576 92.2961 121.495 42.0328 32.286 40.3532 159.936 65.2597 -41.2773 
45.8169 15.7676 26.4332 95.2376 36.8939 35.4517 144.547 54.4579 -54.0323 
51.943 24.8298 47.4324 111.473 33.1828 -28.6908 142.444 30.4175 34.8316 
123.772 125.559 107.081 26.1529 37.0433 47.9531 157.859 49.0477 -49.4978 
74.7768 71.9608 92.9906 145.4 84.5123 -68.4181 126.669 72.4924 46.3172 
207.621 23.4053 -43.9373 104.671 10.1034 -13.6425 196.604 26.8756 -47.7533 
186.886 60.0629 -73.325 132.142 28.9293 6.32816 190.156 57.2164 -69.9009 
179.489 82.2614 -83.041 55.7328 32.67 46.1316 155.42 46.8922 -54.0686 
47.7822 77.1691 92.3971 12.1861 24.0032 32.9917 200.571 75.1105 -84.8443 
55.4147 34.7599 55.2217 95.4309 66.1967 66.9529 143.604 74.4436 -57.3527 
101.851 77.6409 65.8485 58.606 45.7314 61.6257 176.925 67.6173 -60.8206 
50.6478 18.9114 28.8052 129.687 22.1175 -20.9727 182.089 31.4907 -18.956 
137.658 133.681 105.955 90.5812 68.8533 67.2623 151.546 75.7855 -45.7106 
218.619 102.031 -109.107 39.1448 57.4391 77.7857 172.383 66.2493 -75.4492 
83.6377 69.6951 78.3684 66.5668 68.3889 69.8683 132.414 84.3162 -56.7258 
40.2305 68.025 88.5389 30.6814 60.2335 78.495 168.007 80.3687 -84.9358 
70.5311 57.9704 68.2454 109.59 70.19 61.0227 95.6088 57.9579 41.4361 
76.8919 66.774 95.8384 73.471 40.9487 43.3079 155.511 45.69 -46.3678 
89.4642 69.2843 74.1381 95.4741 74.8881 40.981 158.932 73.7665 -51.9057 
186.99 67.9397 -81.3399 32.3746 37.0094 56.6033 168.153 54.3119 -69.9771 
151.46 110.904 57.3751 35.9014 35.3255 49.836 111.027 67.5364 47.8044 
199.928 41.3888 -61.6548 115.43 26.2776 34.6392 166.492 43.8911 -61.9041 
140.099 109.176 -65.9763 48.6314 42.5709 43.8387 198.563 66.1124 -76.9278 
211.599 33.4431 -50.8673 29.7295 17.5824 28.0809 149.016 24.2802 -37.6495 
53.6211 74.5093 93.982 39.5128 55.5626 62.9269 216.675 48.4194 -65.7931 
201.331 44.5909 -61.2392 21.7857 26.6431 43.4138 141.979 25.9168 -41.3366 
201.331 40.3252 -60.3761 88.3674 20.3819 -26.1419 201.37 42.7999 -56.9697 
124.774 78.699 50.7353 73.9907 58.6589 57.0334 82.1167 51.0462 53.5261 
168.99 73.4705 -76.2808 98.1109 31.0191 33.2991 188.016 61.0118 -70.9986 
128.77 64.8489 74.3648 100.775 49.524 43.3282 124.178 43.9535 -39.9118 
30.6263 26.3721 58.5038 122.835 23.0133 -14.6345 135.67 45.4044 -25.0711 
183.699 77.7255 -83.0008 52.7986 20.6518 20.7854 178.543 75.5524 -80.215 
60.4288 73.5561 97.4651 57.1039 45.4367 45.8141 102.099 54.9559 46.5902 
53.2204 89.7149 124.441 55.2131 15.9773 22.6056 143.256 34.8445 -40.5383 
205.37 32.5374 -52.5109 102.014 14.4405 11.4261 162.928 35.5794 -53.5358 
162.545 61.8661 -38.2845 69.5598 44.4585 43.3 93.9261 65.9645 63.3366 
147.619 88.6237 -80.5356 23.4693 25.296 37.5152 227.407 64.9678 -84.0836 
38.8301 44.2882 77.8825 70.8197 39.466 57.3137 189.458 61.3216 -81.0095 
193.191 61.7616 -74.3521 131.709 54.4418 -45.9181 161.489 67.9406 -76.0983 
157.575 75.1389 -65.0414 22.3695 28.1421 43.9114 134.546 43.1297 -43.1423 
137.989 81.2493 -69.2993 70.8761 78.9711 79.7355 147.429 44.4829 -47.449 
100.449 52.9236 41.9907 137.824 81.2383 17.0809 73.999 76.2095 76.5544 
140.29 116.169 53.9017 17.3762 22.9697 29.8079 186.588 73.3484 -78.7668 
169.471 59.7948 21.8263 93.9867 61.3059 62.0933 112.333 43.4071 -29.6974 
98.4232 95.1719 81.5909 106.705 59.5003 49.6833 171.868 84.3479 -83.0115 
187.482 77.859 -85.7377 77.837 33.791 44.9092 148.342 55.6202 -61.6674 
176.229 86.3093 -79.515 128.009 80.3451 -62.9867 171.103 82.9812 -71.1999 
105.998 141.233 136.594 50.6575 53.8028 71.8675 131.632 76.4115 -61.2553 
205.659 26.794 -47.2999 122.713 17.6222 -27.1383 151.655 22.4124 -37.6926 
86.5967 85.4285 81.7409 18.1255 33.2778 45.0222 167.99 48.8393 -57.4131 
132.664 87.9658 48.0924 93.5828 39.0191 41.617 134.502 90.2978 36.7289 
119.029 81.7946 56.7094 65.4254 58.944 65.2579 95.6213 56.0601 50.8288 
189.98 82.8835 -89.1844 54.8282 37.3119 51.1571 204.382 73.6201 -81.9831 
222.347 31.2145 -51.1583 157.074 38.3265 -39.9836 184.108 54.7211 -61.2343 
85.074 35.8347 52.7162 67.6388 35.9432 45.2506 120.714 41.3182 15.7528 
184.244 59.7938 -72.7225 110.211 22.9403 -27.6009 149.056 52.9232 -63.5979 
139.814 83.69 61.5369 63.1807 37.8131 38.8131 112.635 36.2365 24.6344 
38.6593 69.9174 104.435 140.818 86.0623 -62.7241 54.8997 70.2983 82.8699 
184.794 78.2863 -85.117 56.2103 22.0642 22.9596 143.59 54.1928 -62.3759 
198.34 58.6743 -78.5765 79.1118 21.1871 32.6818 164.698 32.5116 -46.8623 
98.087 85.9689 102.235 56.8499 27.0332 27.3891 66.4846 18.3166 -9.80412 
45.3509 46.5184 79.9078 93.6246 27.9532 20.1213 139.5 49.0839 -42.7566 
212.615 67.7603 -73.4962 52.6502 47.0796 56.7911 115.784 67.8494 -30.149 
79.9861 80.3179 98.7 196.093 57.1704 -56.4227 91.1181 80.1194 72.3453 
47.0862 12.261 16.6087 108.925 24.1066 24.0192 165.778 63.0838 -69.552 
299.973 79.0089 -111.347 11.2764 30.2546 49.2237 230.519 61.8959 -81.7 
154.865 110.802 37.835 30.7219 37.8505 54.4983 142.256 46.6206 -46.4508 
67.2668 50.1192 71.3072 100.752 40.3595 -41.7806 146.857 29.4098 -34.2768 
41.1538 50.1858 82.8173 45.6776 31.7615 38.6488 140.333 56.4087 -39.9123 
106.026 95.4799 101.689 74.0967 58.9474 61.5091 112.108 65.323 42.76 
56.7448 67.1907 101.851 93.415 59.6738 58.8459 126.534 37.1239 -14.7966 
75.7168 25.4492 -19.0701 77.9178 38.9959 46.6726 116.054 39.8177 36.7081 
166.511 56.0584 -64.8501 25.7509 50.2946 71.2147 207.003 71.5126 -90.741 
174.16 98.171 -90.2115 151.604 73.4651 52.1778 114.182 85.0282 -55.948 
153.505 85.5075 -44.4401 52.9341 39.2396 39.7873 142.715 73.1088 -45.6192 
193.229 21.9694 -33.8648 121.842 38.1947 47.1822 212.822 76.478 -94.8315 
93.4692 54.7035 78.6215 102.304 47.4422 27.3953 169.762 42.7853 -40.5101 
100.3 90.7581 96.6474 91.5839 56.6374 44.913 102.877 68.7229 68.6762 
49.0239 28.6165 55.7264 72.4014 32.7132 40.9473 131.479 41.0657 -39.3914 
187.921 26.6263 -44.2845 20.4147 19.3024 41.0741 172.346 27.144 -45.9723 
221.653 18.9204 -36.3426 70.6184 32.914 50.1133 200.816 42.3501 -62.3165 
106.766 95.7485 90.6202 16.7268 31.3621 46.7186 136.311 32.9215 -42.6257 
61.9044 20.9684 25.9885 89.4879 29.0405 28.2341 154.279 58.8864 -54.1912 
72.8353 73.2371 96.4312 103.884 55.3372 50.3375 133.504 75.687 43.1967 
198.466 59.3219 -78.0944 102.309 33.2985 41.2931 180.848 39.571 -50.5238 
127.55 61.055 -30.243 68.9287 40.4117 49.9041 107.788 32.5283 38.5866 
59.5726 22.2101 41.0037 102.291 31.5049 27.687 143.582 27.6257 -15.6866 
121.47 75.2401 19.5929 101.226 39.7611 21.8348 130.958 83.6892 36.1346 
30.457 47.7769 76.4737 62.1558 66.974 65.3902 197.85 70.4255 -74.9483 
30.1125 5.40458 8.89856 102.56 26.723 25.4888 186.794 42.3905 -55.6499 
40.7656 7.66686 13.4443 104.462 22.5719 -11.279 172.395 30.7194 -28.0737 
53.3755 87.8013 126.271 72.8532 24.4994 21.6873 208.251 50.4625 -58.787 
104.921 92.1729 75.4994 14.3997 28.6129 49.5762 116.385 43.4772 -37.8532 
96.8925 15.5073 23.203 151.601 41.0511 29.3405 123.995 36.8626 -21.8308 
85.6039 18.9856 27.1932 113.321 31.2543 -26.0456 125.967 31.7639 -36.7039 
82.3333 132.593 151.176 55.3355 41.665 57.1714 171.585 40.471 -47.0816 
117.699 106.2 80.494 26.3947 37.3919 50.533 92.5762 52.1576 19.3906 
52.8669 35.6954 63.1834 93.6321 34.8779 35.7289 75.2527 28.775 -23.3356 
41.4284 46.0143 74.3495 62.5986 35.1601 41.031 167.561 42.8061 -49.4355 
144.35 25.5117 27.6945 83.6909 40.9137 49.7811 145.523 45.0011 -34.2323 
65.522 24.4172 39.2882 211.699 54.2991 -59.3819 203.798 53.5604 -63.6085 
63.8203 31.8806 35.9945 122.845 56.8784 32.1548 83.7725 47.7478 34.247 
210.547 51.1682 -69.6346 96.5495 39.4972 -41.161 191.164 39.9844 -44.0078 
185.118 51.3201 -59.8421 103.056 35.5965 -24.5719 185.454 65.1025 -73.8274 
143.416 116.884 87.5945 35.7359 31.4362 38.8849 124.961 62.7155 36.7256 
122.342 125.561 117.063 84.4435 46.7916 50.8216 141.991 82.298 -38.3903 
36.7158 12.5896 34.0921 82.3481 29.5221 26.9564 176.993 58.6439 -50.3897 
50.8723 37.62 69.7593 223.949 37.4229 -44.0028 156.69 66.0441 -52.0838 
63.7288 21.1168 42.2854 199.707 50.2943 -55.9347 142.057 39.9485 -35.6586 
35.7279 49.7484 85.2721 57.0802 44.1638 55.2152 138.371 52.6772 -34.9405 
72.4941 26.1238 42.5743 161.775 50.4011 -56.0483 110.155 37.6213 -19.3904 
62.6279 39.892 60.8783 69.9464 29.2093 25.8088 141.235 49.7416 15.4994 
69.8198 62.3496 83.3342 122.348 63.7312 -36.6938 143.885 79.2014 -46.9394 
65.2626 118.218 142.666 30.2447 40.5103 47.7058 118.581 54.7022 -28.667 
107.074 82.8306 84.2591 44.6737 49.84 61.2081 140.959 54.8592 -37.4969 
163.978 84.7113 -86.4971 22.0042 22.9357 30.2177 157.805 60.4029 -45.714 
56.3485 79.8456 104.099 29.6058 57.1832 76.0953 207.397 79.5236 -89.5769 
87.8404 24.186 35.7078 135.197 34.0111 -34.6656 134.107 55.4705 -38.2149 
78.2343 37.7751 36.5779 114.398 43.5308 36.6902 147.981 55.1927 -29.4317 
119.698 68.9887 77.2773 121.592 77.8378 24.7141 92.2301 27.1677 18.1238 
48.1463 70.2752 107.562 94.0025 62.9657 62.6587 116.776 63.828 -33.4636 
73.1521 52.012 67.9965 94.5507 62.0568 53.7692 159.837 54.1363 -35.2882 
115.633 47.4793 54.2172 114.706 33.1685 18.9387 181.218 37.3466 -40.6713 
163.362 134.993 67.0759 46.3485 34.472 47.5994 110.653 58.7477 46.2382 
29.8123 49.2424 85.593 77.4126 25.4539 20.1402 163.411 27.7483 -31.8837 
207.31 80.9273 -91.6925 49.5661 45.5001 48.7898 141.24 35.7794 -31.7686 
36.7587 45.1388 81.5283 117.946 53.2556 -27.1837 156.346 59.5994 -39.3033 
79.1105 99.77 116.609 49.6976 24.8435 28.4168 139.186 43.995 -37.8414 
26.9797 50.6793 88.1483 104.208 38.4929 35.3466 124.248 38.3089 -40.3554 
33.4675 58.5298 84.8276 44.1568 62.8094 64.5671 219.474 55.6819 -62.2455 
36.2601 27.5535 58.7401 96 30.7281 23.5399 190.656 43.3624 -51.0123 
77.7669 54.0095 74.4822 86.4972 42.6207 38.4099 132.929 70.7798 -58.3265 
135.962 77.9964 72.4901 82.4484 55.8521 49.6474 125.276 56.7146 53.0867 
217.63 85.9775 -102.521 30.5145 57.8976 78.2399 213.39 57.2776 -69.346 
42.3128 54.7134 86.8905 40.1709 42.9121 57.3418 170.118 62.3232 -67.3621 
85.0367 38.9688 43.9938 209.693 55.3836 -59.9515 130.14 60.7002 20.2482 
100.562 81.5864 78.7235 24.7789 33.1614 48.3875 159.51 57.8923 -57.9133 
180.579 169.657 54.0903 97.5344 43.8695 43.0278 188.67 37.6089 -26.8839 
47.5114 20.4095 32.92 142.423 57.933 35.5005 133.748 41.7614 -11.0397 
133.539 83.4685 30.0481 131.619 90.6319 -17.218 106.833 72.8273 54.3905 
130.87 99.9232 62.5469 98.1904 54.9122 41.0981 141.263 67.5783 37.4679 
71.4088 58.6575 85.8698 175.163 84.9337 -66.0994 142.981 62.6993 41.6698 
67.42 50.3421 75.5552 89.5245 56.5235 59.4804 144.997 56.4468 -43.0439 
100.731 88.7932 80.3917 67.7543 51.5878 57.1014 84.8875 59.7141 55.0539 
132.861 104.483 80.425 47.4058 45.2996 58.7492 114.401 65.8835 52.3747 
77.8777 20.3955 18.0688 155.58 54.8253 -38.0453 148.621 49.9369 35.1948 
107.09 30.6672 43.7053 141.175 38.8625 -41.0862 154.705 33.0283 -43.4191 
30.411 59.6864 102.013 157.965 35.8497 -23.5428 119.477 68.1272 40.4996 
74.9662 27.3423 28.6328 161.356 43.9262 -16.1057 115.662 52.1508 -39.9228 
50.6245 53.6478 83.6525 100.149 56.0769 52.1409 104.716 61.824 33.556 
35.0601 39.1649 73.6624 127.503 48.3459 -23.8152 131.823 45.5933 -26.0409 
147.004 126.627 84.2795 29.4427 35.3282 47.6022 136.709 46.7173 -45.0532 
41.1332 22.4947 49.5886 103.217 66.4479 68.3723 133.921 58.5763 -42.987 
127.274 92.5392 96.1501 42.1724 33.553 43.7122 134.705 35.2217 -28.6166 
183.557 104.72 -58.8439 60.745 63.9261 68.7337 131.726 66.9466 -48.91 
107.381 103.942 98.9622 31.1387 44.8348 67.0227 189.867 49.9123 -65.9374 
38.7128 8.94977 21.4643 171.96 42.4229 -34.1919 172.855 64.3716 -58.3428 
188.892 83.0251 -90.7287 28.0081 50.4622 69.7169 190.266 48.3792 -61.2287 
127.246 62.9858 -57.404 136.233 74.5137 -29.6477 154.198 53.9683 20.9975 
93.1347 147.515 156.2 79.9281 38.0709 45.3614 192.856 62.5582 -61.612 
105.343 102.109 46.7536 32.5324 41.5657 44.0402 196.308 83.9175 -83.0498 
26.5332 68.6443 100.545 27.1906 60.6122 80.1215 213.703 82.7658 -97.2418 
143.411 76.563 76.6056 94.6127 70.4431 57.8068 140.849 61.4941 29.8476 
79.8514 15.3369 23.595 118.374 45.2503 36.3925 106.937 43.763 -37.3312 
209.272 25.0886 -37.4314 54.6834 28.5194 42.9146 192.767 42.9831 -58.5 
45.4429 59.6586 95.7781 94.2549 49.7745 50.6455 145.211 66.0511 -63.6685 
56.2834 40.5707 70.3496 173.815 57.1801 -33.0793 119.762 68.0785 38.7766 
75.2292 32.5277 41.9492 197.417 53.1829 -50.9164 107.743 66.6249 57.0086 
97.09 114.251 118.828 80.275 68.6465 69.4599 118.58 65.2622 24.6365 
39.2509 11.0281 23.3989 127.21 49.1408 38.8099 216.323 60.0978 -69.9275 
22.0364 68.7086 103.277 9.62533 32.9438 54.9536 236.361 51.5587 -73.6749 
101.81 88.8201 77.1342 24.5504 32.6833 42.0962 181.441 42.5881 -52.97 
68.0407 95.0499 116.258 47.342 54.1919 68.5085 142.596 54.7093 -61.9734 
87.134 19.3803 25.5316 168.219 45.3586 -48.6587 169.767 33.1675 -37.4836 
67.6602 22.3566 30.1937 218.026 44.9893 -52.6394 134.351 60.3588 43.0701 
42.509 50.7359 87.6316 128.842 38.7152 21.8808 171.764 59.1288 -61.35 
38.7513 78.2367 116.196 54.5273 39.5285 53.3232 153.02 57.1136 -64.3249 
75.9557 107.098 111.637 101.246 90.1001 42.0174 135.564 77.6163 52.0341 
36.0168 57.7809 94.2155 131.895 66.6017 27.3297 160.539 59.3302 -39.8658 
75.3129 110.205 126.836 81.3467 52.4699 -28.0096 134.456 68.653 57.9973 
69.5402 100.928 126.394 93.5557 78.8967 56.8634 116.702 71.988 40.4674 
50.1782 84.2606 118.089 112.899 76.5467 33.0413 91.7033 84.4104 77.3051 
67.4083 63.0616 78.8195 127.384 62.2637 31.0436 83.2787 73.4568 76.2564 
80.892 76.4934 83.9217 86.4883 57.6552 45.2143 133.487 53.5704 33.0088 
45.0824 53.2946 82.1849 150.169 70.1379 -23.9063 158.651 68.4994 -64.0793 
62.3852 105.9 135.137 133.446 62.9963 -51.7843 94.8691 55.139 45.7719 
42.957 48.2418 78.1503 127.51 57.9769 -13.4627 60.1635 46.7123 47.1934 
179.728 80.0311 -96.3906 46.1966 44.6908 60.5272 106.384 81.731 38.2049 
48.8719 86.1795 121.747 143.142 66.4808 -56.0979 113.543 41.9802 36.5444 
34.2661 37.0134 69.7809 109.618 40.8618 -25.8402 143.429 52.8033 25.6884 
79.453 130.04 149.684 131.56 54.3507 -25.6459 55.9285 51.8537 62.4982 
131.893 113.369 92.5824 84.1507 61.6588 56.5437 94.0958 49.8311 37.0558 
45.8146 48.0364 71.5136 116.478 72.252 43.3242 78.1842 56.2974 48.9032 
25.6366 57.5342 94.2671 93.076 65.974 -33.8505 120.082 79.3147 76.8024 
160.545 107.825 69.4628 73.1246 53.217 47.5669 144.07 53.9364 23.9822 
56.1241 51.5949 61.5649 71.9717 48.958 11.8234 95.8756 95.0916 89.4982 
33.6707 40.8315 72.5188 129.441 55.4871 -27.3595 76.359 47.797 42.6829 
128.498 110.896 70.2813 70.8787 49.4814 42.2421 119.773 49.6571 29.421 
39.0189 83.1983 123.935 191.577 71.9909 -71.0444 181.684 56.9709 -50.5582 
116.429 125.705 118.501 81.7607 54.7678 50.8924 82.7031 64.8828 73.207 
32.3944 36.3027 72.2775 175.048 52.9966 -44.3694 154.853 58.2741 19.6423 
93.8512 131.279 132.965 72.6347 55.3011 -14.9335 149.147 81.3315 49.639 
81.5998 111.719 122.325 81.0841 58.8265 32.1949 50.5812 39.5725 40.7783 
81.1276 126.496 145.447 126.698 52.1787 -44.8577 122.364 63.246 36.0091 
46.2553 63.2591 102.434 209.017 61.2573 -71.0932 80.0277 53.8814 47.1756 
70.7652 89.4693 111.026 142.212 69.1313 -47.707 90.3571 71.0299 72.103 
117.253 88.6066 60.7365 93.2009 66.7754 56.4588 113.266 75.224 54.0558 
169.997 96.108 -79.8689 91.9122 68.1272 52.0302 112.782 82.9167 59.8922 
139.543 133.768 72.1208 39.3678 51.6295 70.8726 114.654 100.548 80.2574 
138.386 103.031 -20.6602 28.1152 30.3461 39.0623 104.308 84.3899 75.0673 
44.5675 66.5119 97.526 146.492 93.0327 -65.352 47.5764 46.8866 54.3779 
100.181 126.217 133.726 38.6334 29.2595 36.0397 126.486 52.5565 -22.8309 
77.2179 90.3333 99.0291 110.964 80.3634 55.2566 131.852 74.8221 -27.6887 
142.329 106.649 60.6373 75.132 67.1218 56.8586 124.119 63.1845 29.7744 
97.1881 93.3696 98.9509 74.6598 61.9297 49.3819 120.253 78.6878 62.7863 
65.4641 95.5632 122.819 103.681 67.7524 48.0785 109.668 70.9031 53.6207 
57.3171 59.3485 87.2454 86.1498 60.4123 43.1565 138.196 68.8291 -25.7946 
52.263 83.1203 117.709 91.6556 61.1771 47.4515 129.136 54.4042 -17.7729 
26.8911 39.4366 73.5584 149.896 64.9295 -52.2734 168.644 73.5884 -43.8806 
100.952 112.315 120.278 130.715 71.7952 42.7808 101.94 83.0695 69.1313 
48.16 95.5155 125.068 73.6353 85.3989 75.3432 43.1646 59.1809 68.5914 
31.076 43.0087 78.016 205.88 68.7526 -79.2837 69.78 74.7593 89.0623 
59.0091 74.0996 105.741 99.5282 73.1022 58.0106 136.08 79.4692 27.0789 
151.045 78.8165 57.6572 120.268 67.734 44.3533 105.776 57.9766 45.9642 
29.7288 33.6157 66.5344 117.328 47.8702 -41.7104 105.956 49.4755 48.6519 
22.609 35.4634 68.8248 141.642 59.405 -55.5566 164.002 66.6065 -10.6798 
40.9078 55.8558 91.5167 133.2 93.6424 -46.6325 126.572 95.5514 63.6681 
146.232 138.397 89.4144 64.5916 53.1611 43.2662 146.901 71.0885 45.2999 
61.6902 79.5033 101.628 145.921 93.3731 -54.2032 54.1871 44.6129 57.4696 
151.98 125.469 70.5897 79.0064 51.9259 31.0721 67.5466 65.7607 69.3006 
-1 1.97375e-012 -1.97375e-012 0 0 0 76.1857 39.9361 15.488 
-1 1.46005e-012 -1.46005e-012 0 0 0 142.089 98.7004 -63.3148 
114.589 75.8352 -38.2936 72.8426 54.1999 60.7384 129.689 74.4906 -61.0368 
76.5304 123.784 143.062 106.85 67.9042 -46.7686 158.834 64.5457 35.1927 
35.5863 25.4982 44.2168 107.909 74.3828 64.0452 170.323 95.713 -83.0975 
179.882 128.316 -78.9242 53.2704 33.1309 31.6213 104.8 55.7298 58.7281 
69.4188 83.1026 101.72 45.0831 45.0828 52.4166 163.33 59.029 -26.541 
106.155 113.653 92.6165 84.4821 87.6633 68.1099 115.287 64.4059 -17.4949 
86.5169 103.369 98.7026 83.8019 57.8319 25.5234 131.778 60.9336 55.9537 
72.6874 81.9257 95.3953 127.056 93.2885 -49.1905 79.3088 50.2299 44.1894 
59.2529 94.1369 119.636 133.383 68.1491 -53.6112 85.8278 64.7958 62.7797 
77.3774 93.7947 109.96 128.064 76.4094 -51.5767 115.396 73.848 58.1868 
33.647 39.2654 65.586 103.133 51.3863 -39.707 105.004 44.6486 34.3529 
32.0163 50.2181 89.8186 138.541 65.6217 -57.568 145.195 54.7239 38.8125 
79.492 95.8329 111.379 106.902 66.2697 20.2811 122.648 73.4764 49.4133 
108.31 120.309 103.003 54.6742 66.1278 67.428 83.7577 78.5313 73.4494 
39.3223 54.2188 90.5402 114.255 60.3225 19.486 107.926 62.2476 57.2588 
51.3974 64.8507 92.4336 152.917 92.9312 -80.3448 96.7638 88.1779 79.4537 
69.9105 86.4647 106.817 137.207 67.5256 -40.385 93.7626 77.6143 71.6978 
35.8089 40.9085 75.4674 121.596 47.184 -22.9081 118.452 57.8263 41.923 
49.175 106.052 142.452 144.777 49.6976 -56.6458 95.9845 46.3453 52.2257 
91.6123 103.887 118.932 129.335 74.3765 35.7523 77.8766 60.5723 57.5428 
31.3185 18.594 39.2371 162.835 55.984 -55.9787 129.883 80.3495 57.1708 
44.3308 80.0125 117.798 135.571 73.4053 -52.7524 159.106 59.9805 -21.8045 
167.518 162.4 86.2476 174.596 44.5652 -42.9149 80.9419 63.9901 63.6037 
161.331 133.218 41.8274 79.0333 66.219 47.1623 129.418 78.9311 44.3073 
36.9495 60.2731 101.055 146.555 57.2011 -40.7982 99.5005 73.2176 68.2289 
116.431 103.45 84.7606 65.0054 44.7812 43.4742 106.818 75.4624 62.0773 
80.5912 104.701 120.639 79.6789 42.8328 22.1722 111.514 55.9337 45.956 
41.9811 28.503 43.1913 118.665 64.4385 -38.8627 147.365 36.4192 -36.5136 
32.7294 32.415 65.0532 160.978 42.8489 -25.0885 102.586 45.8644 49.2802 
90.9227 117.605 121.003 155.675 89.7394 -68.1042 102.46 71.4047 65.3835 
55.5856 86.8148 116.456 85.7689 48.2824 28.3528 125.317 58.2502 40.7199 
29.0817 15.4291 39.8917 149.942 51.528 -34.919 98.3051 45.7357 42.2898 
98.4943 123.26 110.908 80.8798 101.732 93.9081 70.2679 100.514 105.281 
87.1841 68.2347 71.4538 54.4881 41.6524 55.9086 153.109 66.5877 -56.1645 
217.508 16.7044 10.7719 87.7708 37.5171 44.1084 147.939 51.6933 -50.5946 
122.635 109.224 104.556 18.8667 32.111 49.5167 142.49 50.887 -28.6733 
200.989 34.5552 -51.4716 54.1517 27.177 35.866 161.744 27.4001 -37.4649 
221.136 50.0826 -71.8952 74.5575 51.5037 37.0904 182.904 33.8628 -40.5789 
193.539 52.5428 -70.0224 70.736 33.2175 38.2394 175.182 48.525 -62.115 
194.574 52.764 -70.9276 97.8879 43.9467 45.5358 159.162 42.5114 -55.8292 
229.499 16.0355 -24.7997 80.1289 49.2239 26.6711 194.696 27.9158 -32.4028 
99.4287 76.1978 76.6118 45.169 65.5108 77.607 141.375 46.7957 -35.3353 
179.874 93.6397 -80.2171 65.938 56.026 44.074 159.642 56.4706 -45.5735 
103.533 75.5803 60.3489 87.8075 62.5349 58.8601 138.589 44.4742 18.6191 
161.613 109.723 23.1035 33.6653 36.6674 46.603 159.922 44.1656 -18.1145 
171.531 72.908 -75.6007 46.8002 33.6996 34.5409 144.257 35.0266 -17.2056 
132.48 112.55 56.9508 60.1005 53.8104 43.6038 168.264 82.7108 -66.2803 
191.438 43.8774 -56.2012 34.8974 30.5181 45.6019 181.776 54.3794 -63.4233 
183.288 78.8034 -82.5811 21.8782 20.7791 32.6984 125.202 48.9501 21.7453 
136.281 128.973 106.364 48.6342 38.0086 35.6859 100.188 65.5767 62.2901 
126.255 75.8635 31.9282 72.0892 73.6022 66.3645 140.552 50.9062 -24.4133 
164.311 92.3038 -85.163 37.048 28.5843 37.4677 151.147 50.1791 -46.6634 
131.092 117.057 88.1613 63.2663 46.9963 51.2588 136.238 53.7685 43.2727 
133.558 83.7715 -46.4311 48.3302 56.3805 71.226 165.754 69.6977 -54.0051 
121.696 90.14 76.6284 31.1122 41.3394 59.6704 144.569 59.256 -36.8569 
127.707 140.611 130.689 52.3744 42.0708 52.7661 101.049 57.3165 66.3784 
191.556 44.878 -62.2777 49.3084 21.5732 25.6213 166.653 82.907 -61.1381 
138.716 96.7939 55.1099 26.9108 32.2576 50.9681 152.543 50.4723 -57.367 
166.381 90.0033 -67.7494 70.3613 42.409 47.7744 119.131 42.7702 41.5508 
208.048 22.9222 -40.4829 33.1333 9.82165 4.19959 188.293 21.1542 -33.3578 
137.597 83.076 50.6095 74.5758 51.3602 46.8609 93.0509 52.5537 60.1703 
110.588 115.455 75.4569 13.0934 25.9559 40.9279 162.788 29.7916 -31.944 
153.453 149.907 94.1117 44.7284 48.0888 66.7327 172.289 58.5631 -19.2141 
103.948 84.8315 71.1772 74.2817 64.4785 60.4798 127.46 55.1855 -26.749 
147.178 74.8708 -48.001 70.0137 54.4345 47.0597 159.279 56.2576 -51.3572 
69.015 74.0235 102.944 58.4769 40.5498 49.1909 169.982 61.7236 -58.4772 
156.406 67.7764 -56.0925 77.2194 74.5651 72.2541 148.375 71.5758 -26.9686 
161.469 79.5426 -68.0016 55.8779 35.6372 39.0201 125.276 31.0592 -12.277 
232.315 73.0215 -93.9137 15.3031 24.867 47.3631 183.327 41.6039 -56.4912 
213.582 53.9615 -58.5711 32.7602 30.0788 43.8079 198.512 70.7868 -68.857 
135.877 74.362 58.0003 47.4367 32.9327 41.7731 127.886 47.914 -18.6408 
191.864 55.6036 -67.423 45.3003 35.5514 52.9392 147.22 48.0983 -55.5716 
139.55 83.4385 -66.6128 52.1861 49.7123 46.9142 147.564 64.0869 40.7306 
154.97 44.8176 -44.0356 33.8979 27.2253 37.7146 122.698 52.0975 -24.9651 
104.215 78.6911 79.6253 40.5451 50.0781 51.919 139.401 54.3054 22.302 
190.266 52.0815 -69.3836 33.7031 19.0196 26.8938 146.805 33.2537 -40.0455 
159.535 115.309 -27.2761 46.3445 54.2283 61.5393 193.877 53.1245 -59.8216 
60.9205 76.8865 104.189 94.9762 37.6954 31.2669 136.768 68.5039 -42.3936 
78.111 73.6221 75.4555 63.6988 51.5517 59.5764 125.727 99.5506 -28.5617 
104.885 65.4268 65.211 54.9274 39.8322 41.5017 97.4013 52.4221 60.1719 
157.314 66.2703 -58.3819 18.7597 31.2331 49.508 127.149 34.9915 -34.1888 
-1 2.57094e-012 -2.57094e-012 0 0 0 162.987 52.8225 -58.2527 
185.119 49.2382 -58.0744 53.9703 35.0915 51.0388 173.772 51.0026 -63.3275 
136.552 76.2749 -40.1921 80.9746 64.9601 55.2704 134.612 49.62 26.4662 
155.049 107.231 -42.7403 40.5138 46.6272 56.7919 142.77 70.7372 -26.096 
191.88 66.2788 -75.8466 16.3374 23.8619 45.3712 173.513 36.5264 -44.799 
214.99 12.3994 -22.3386 92.1157 51.7646 34.3438 163.524 42.4554 22.1681 
148.135 75.6361 -47.8296 78.815 66.0555 58.2947 156.442 70.8717 42.2265 
88.3278 47.567 56.1978 33.8313 33.3566 43.4111 129.403 52.951 -41.6118 
191.041 106.893 -76.4608 35.7076 40.3773 54.3225 115.921 50.9814 51.4544 
143.735 88.501 -7.6001 80.0322 67.0639 56.3987 144.784 47.0883 -34.1084 
144.489 92.6178 33.9836 53.0873 38.4046 45.3418 138.144 48.9059 -28.4457 
93.7965 86.621 83.4274 23.0645 29.355 46.1911 153.194 53.9901 -39.8911 
112.363 87.1738 63.7394 61.1624 50.7731 65.1477 112.703 50.6617 47.3829 
174.253 90.1888 -86.1486 71.3441 70.4314 66.3076 143.617 72.6981 20.2183 
92.8429 91.3451 91.8213 63.0114 55.2879 41.825 148.835 55.6607 -40.9066 
224.306 17.2975 -32.4314 86.9367 51.218 -28.1859 143.176 40.4782 29.4177 
175.89 72.3121 -75.1622 56.6984 37.0934 35.6311 158.415 66.6036 -57.4795 
165.149 68.3185 -58.8644 77.2842 55.8331 41.1456 140.361 75.0383 -61.4099 
207.082 35.6087 -57.7066 163.786 61.094 -75.9438 65.01 41.3541 56.7659 
121.959 85.8396 -42.3708 24.9796 30.0883 43.4524 115.236 36.6794 11.9581 
201.111 59.4009 -74.7616 36.2372 24.0101 36.191 143.229 42.7644 -23.136 
149.322 80.3751 -46.236 67.1365 45.9434 38.525 107.818 59.1665 60.7494 
201.938 48.0744 -68.0083 69.6744 25.2509 29.8696 150.577 23.992 -24.6538 
180.453 90.7377 -83.3126 21.079 25.6066 36.0861 107.719 35.3699 -25.4984 
164.984 87.163 -75.147 35.1813 45.5454 63.4734 156.055 68.4604 -59.5185 
96.1169 80.6131 78.1738 42.6169 53.4322 57.2907 147.652 43.8466 -37.0415 
187.933 20.7525 -24.9562 122.606 60.0636 34.1722 130.46 64.4692 35.655 
175.675 44.3629 -51.1127 60.055 47.1646 57.4705 155.918 46.9728 -37.4049 
79.67 123.013 139.737 29.7449 56.7705 76.6529 158.033 54.7996 -60.1924 
178.105 79.114 -75.1386 112.924 73.7799 -31.2002 139.179 69.0808 -26.4123 
199.497 55.0581 -73.8096 58.2644 25.6662 38.6956 130.645 28.7177 22.1731 
200.066 70.4739 -85.5977 64.3133 30.7988 34.7843 131.482 38.4243 -18.0571 
137.133 83.1758 -34.1427 67.7843 47.3544 46.4859 159.081 49.0127 -47.0641 
171.215 85.1633 -81.6754 18.8207 31.0488 45.9437 150.842 38.8974 -49.1408 
205.608 22.0458 -40.5026 37.5924 27.931 35.3387 182.911 47.5546 -55.8225 
173.339 42.414 -48.8961 61.8674 29.8305 33.7793 129.749 38.0491 13.0921 
68.844 61.4252 71.7503 45.6036 43.8977 59.1238 156.151 59.894 -43.2123 
178.401 79.6969 -81.6642 123.133 74.2349 -51.6247 124.575 68.7281 -47.7517 
126.05 64.5594 -28.8531 71.1725 66.3686 67.5424 118.095 54.3045 -47.3322 
87.0662 80.2395 85.7005 86.4341 78.9352 76.7471 149.998 62.3882 -45.6152 
204.196 46.0883 -56.1801 74.5207 26.4536 9.8525 188.421 40.2276 -55.1481 
197.262 40.281 -58.8606 102.946 33.334 -39.6815 173.641 41.6277 -55.368 
218.051 70.2074 -82.3669 54.4662 35.5309 12.3411 118.526 48.1117 48.7709 
61.8183 72.8 104.202 117.354 61.1737 52.592 116.536 56.346 -22.7268 
52.7662 37.3792 59.8129 71.2705 66.3766 72.4594 137.42 87.0247 -40.8094 
144.882 112.75 59.4159 76.5162 55.9583 58.5442 124.59 79.1543 44.5199 
40.75 52.9033 85.1644 99.168 70.0535 37.9333 129.345 71.6957 45.4927 
76.0251 63.5962 74.6162 74.7848 48.8318 52.2219 102.495 66.7799 49.2375 
157.897 115.346 -48.5735 41.7329 38.2309 45.0452 172.816 59.725 -34.7309 
148.017 115.088 92.8652 45.9399 35.6232 40.5012 135.634 54.3657 -32.6941 
49.0872 83.3606 116.592 142.635 66.2775 -56.5004 112.503 49.441 40.0236 
-1 4.01468e-012 -4.01468e-012 0 0 0 139.558 75.2988 -57.5819 
55.3506 39.22 62.6178 119.831 58.2592 42.2709 101.424 59.6308 46.1798 
127.24 87.5924 87.5418 65.4795 55.6197 67.6875 124.773 62.1623 18.988 
76.8817 47.1551 56.0308 102.258 73.8301 56.5023 113.414 67.0812 56.3639 
115.964 97.6729 89.2506 44.4437 43.815 52.2136 126.954 71.1967 59.9529 
46.3899 53.4851 85.7643 141.105 62.2423 -37.9529 128.428 79.8607 36.5127 
94.792 115.323 125.713 47.942 46.1997 57.9738 146.165 66.3506 -47.2967 
138.073 95.3638 41.2507 63.3011 48.7919 48.0656 137.014 60.1526 38.9327 
123.924 79.9428 58.9963 41.7292 33.5629 32.1661 139.489 65.1077 51.0921 
141.297 86.4101 -48.397 92.9242 75.8342 73.5924 85.013 79.2299 72.5806 
124.812 106.251 91.6445 58.6802 40.5986 38.1516 91.9258 53.6772 53.0494 
50.5067 66.1622 96.2619 91.4241 48.2375 33.1124 157.416 59.1561 29.195 
65.4342 74.9701 97.7172 152.286 92.5504 -75.1039 103.571 87.8625 48.8054 
184.133 120.388 -44.3624 38.5531 35.2935 47.9139 133.802 59.8681 24.4912 
108.576 95.993 98.6678 48.0189 49.6523 55.0997 170.09 75.3675 -63.6002 
221.712 93.284 -83.8626 59.5923 40.6208 42.6932 132.529 66.8695 40.5623 
104.606 102.255 114.407 89.7985 67.9152 60.2013 99.8207 61.8568 44.6258 
86.5636 101.552 119.175 103.604 67.603 60.32 115.38 67.2378 38.0025 
-1 2.31748e-012 2.31748e-012 0 0 0 41.7359 59.6692 76.6007 
157.667 55.9694 -47.2029 55.3461 48.0445 59.79 129.084 72.8855 22.7011 
134.9 91.3767 54.1492 61.1672 54.6524 59.7152 116.039 57.5579 51.0048 
212.363 115.948 -92.4149 87.6909 60.926 45.5954 97.9873 80.431 70.563 
99.0659 104.564 103.169 65.5405 53.3875 64.2366 65.4705 54.574 56.5108 
129.637 104.796 73.7736 68.5041 69.9882 70.4653 135.28 67.4505 44.0818 
121.475 115.082 100.938 43.5986 57.8672 78.1436 122.644 70.2359 -36.9684 
217.196 36.4811 -53.4005 110.188 55.8169 39.6323 132.808 46.1768 42.5007 
83.3297 33.9225 42.5313 87.8002 85.1987 74.5514 131.308 92.074 48.0882 
194.24 123.906 -71.375 61.3522 33.3678 24.914 90.11 83.2871 75.3863 
-1 1.17684e-014 1.17684e-014 0 0 0 137.319 78.4656 -44.7703 
222.237 121.212 -103.405 71.4197 56.715 57.5623 113.182 54.3573 42.5059 
185.576 81.3338 -69.4396 68.8651 42.9857 43.7101 141.582 61.0233 -25.2052 
98.1246 85.8687 90.2616 38.1254 40.4233 45.7179 133.629 64.0006 44.4125 
72.6198 35.0059 42.9625 63.0391 61.7351 71.4821 120.342 65.4991 37.5199 
24.0908 5.05948 -5.24387 42.7196 34.3598 51.7528 94.991 58.96 51.9421 
70.751 110.398 132.072 128.263 55.935 -27.15 112.675 65.1241 51.0093 
114.986 64.0117 52.4294 50.2279 51.7129 63.5547 128.414 65.9732 29.835 
101.482 107.072 112.119 19.7978 14.6374 18.7378 104.149 57.8383 47.7309 
119.512 50.4305 64.5705 51.6391 55.9533 72.7443 138.543 69.8148 -31.1645 
104.799 40.7668 42.4118 92.0347 78.0896 70.0237 88.1144 58.3364 38.2987 
121.005 112.788 107.544 84.411 48.3511 43.8972 54.0325 36.1692 44.0504 
76.6008 81.9324 100.239 56.2945 46.8265 59.3639 145.499 61.8711 -48.0518 
130.676 81.5111 32.5163 55.7291 35.2823 30.5405 136.645 65.123 46.0917 
46.0763 77.5173 113.207 116.583 46.3164 35.1056 134.662 50.2119 -40.6409 
85.2434 94.3718 92.5779 78.8784 82.8549 80.8731 81.8813 82.4409 70.6733 
102.849 62.5358 68.5835 47.0812 39.2495 49.9152 124.833 72.4877 48.1699 
83.2514 64.5579 80.6209 39.1054 33.6846 39.8579 144.537 71.4653 -55.5537 
133.044 95.6482 88.5393 55.0537 41.2744 41.3134 131.091 69.7759 37.7638 
146.629 77.5874 -54.4304 103.075 55.8131 35.2589 179.479 85.6548 -88.6064 
85.0073 46.0085 57.9435 96.7721 67.0755 56.2448 113.847 68.8697 56.1508 
79.0583 102.912 120.441 46.3889 43.6981 43.0272 148.956 89.3521 -43.296 
123.554 95.1475 77.5603 93.6774 67.4697 61.4829 73.2124 65.082 60.3113 
105.413 75.6633 76.8116 39.6913 33.5081 34.0843 147.042 54.1712 33.2135 
179.777 86.1211 -76.6607 104.792 68.2085 48.3159 168.761 83.9809 -81.8986 
32.2499 61.1346 99.577 93.2688 57.8338 63.5197 135.471 69.1669 -35.7032 
107.38 83.399 73.0703 94.0742 59.5099 48.8759 114.557 76.5072 -18.4774 
77.3619 62.8765 75.6132 71.7929 72.1721 79.587 73.4038 67.6262 66.7154 
106.578 67.9266 64.485 55.325 42.392 41.5619 106.19 58.0803 27.7662 
80.3666 78.7522 88.3988 45.0012 40.9699 45.8532 100.62 45.2656 30.5574 
115.456 70.0957 62.9533 75.3733 52.3262 53.2311 110.997 69.4644 53.8807 
131.499 111.166 84.6221 55.3102 63.1196 78.2773 115.686 67.1642 -27.9383 
176.409 100.305 -37.3278 53.8741 43.9326 55.8083 111.415 65.2618 48.0519 
86.0276 50.689 64.3976 83.8593 60.0462 48.5976 95.8588 61.6572 44.2917 
89.0362 75.5395 84.2379 45.9123 52.084 62.553 101.949 83.4858 67.814 
157.053 126.81 53.9695 28.0259 25.3766 30.9422 131.47 63.3024 51.5989 
89.9865 76.1931 85.5564 91.2564 62.1009 52.669 105.1 89.2587 71.6338 
24.9637 32.0101 65.6132 101.226 63.5821 48.1649 158.933 68.696 -51.3942 
75.393 98.5677 113.487 127.05 72.2881 -35.7862 56.0591 57.3283 66.382 
35.4799 40.4998 74.954 78.8741 31.0732 44.8816 48.7488 44.574 56.5653 
179.204 54.4144 -57.8502 18.5733 15.1661 16.3309 149.67 61.5399 40.1179 
54.5262 41.5354 63.2778 67.6954 43.4191 44.5545 119.843 74.8883 22.8482 
104.751 93.4136 65.4782 41.4 46.0371 50.4024 166.621 79.8602 -49.9159 
159.698 96.7173 59.6978 85.1478 67.253 69.4725 100.436 80.1635 63.8646 
72.296 46.4377 66.2329 94.1403 41.9135 39.7516 98.2432 43.2969 32.0436 
205.86 48.9709 -69.3303 132.383 50.3283 -48.3089 118.417 70.7398 55.845 
109.772 81.6277 86.0931 68.1656 68.2426 67.5764 130.733 69.5443 31.6659 
96.2668 96.1077 101.914 37.2631 31.6688 34.4852 96.6546 70.2783 65.8245 
146.05 91.9379 42.5835 103.044 70.0102 58.0824 135.867 85.6586 -37.7683 
175.756 102.238 -76.567 47.7987 57.79 71.5423 139.674 77.1804 -43.8231 
187.803 93.132 -80.6001 47.3247 46.6384 59.021 132.494 87.8682 30.3216 
66.0063 61.8329 87.8079 51.6432 35.7686 45.8789 95.7299 44.5666 37.1188 
126.639 70.9325 43.9986 63.1008 41.2281 51.7443 145.453 66.8033 -24.6884 
50.0898 74.1397 85.211 40.6857 66.3489 78.2687 199.593 74.7254 -79.1031 
105.58 96.5201 62.5513 48.3445 85.3317 103.75 188.37 86.7867 -87.0494 
11.5937 37.4185 62.1634 14.8784 47.227 69.9227 242.557 34.6154 -50.583 
33.459 18.5734 31.3349 178.791 58.0328 -61.2957 88.6353 85.3194 85.2965 
163.875 105.899 -59.0204 52.9569 57.0611 70.1682 84.832 54.4388 48.6831 
45.7716 82.5104 105.787 42.6245 85.4953 104.774 205.357 76.1044 -78.7607 
55.8595 75.7497 111.445 103.601 85.4388 66.3338 127.137 77.8161 48.6843 
27.9974 49.6604 74.7235 23.5614 52.6613 76.7067 197.559 72.3254 -73.4643 
64.3409 82.7239 109.813 145.864 59.9015 -29.332 143.456 81.8698 -61.5946 
61.4985 81.6289 109.079 64.481 41.362 42.3303 120.183 89.4833 46.7855 
56.9087 63.0108 83.9671 58.8313 55.3236 56.9013 130.063 83.3641 50.6898 
29.4686 25.6222 53.7631 178.414 62.8618 -63.4751 140.687 81.5854 19.0494 
37.6803 36.1897 51.2852 75.4012 56.2951 -39.6858 145.509 79.5598 58.8852 
54.3875 51.4239 80.0149 108.243 76.0472 40.4883 160.998 67.5925 -60.8024 
46.9055 24.0428 54.7099 111.673 49.8934 53.0932 180.347 45.3931 -41.9703 
121.964 112.658 105.535 85.6543 74.0344 67.904 139.859 73.039 10.6025 
47.6645 68.5738 105.205 103.931 58.1213 34.2022 106.552 75.3521 60.8953 
124.721 79.4734 63.9677 88.3885 67.0162 41.2133 143.83 70.7482 -38.9517 
127.975 74.322 -19.9146 25.4703 39.8118 56.4682 194.022 50.9955 -58.1031 
86.5915 116.161 138.577 94.656 48.3928 45.6357 91.2699 45.3371 -43.5169 
70.253 79.6218 91.0056 49.9404 48.0614 43.5033 120.162 67.4049 51.1261 
132.292 97.0976 69.9171 72.067 67.754 64.824 124.528 92.2098 64.3957 
48.8689 29.1284 43.4968 89.2831 72.4526 75.4796 96.7746 68.6606 32.3995 
48.7046 53.7104 82.7508 61.2307 52.6615 55.7004 203.847 57.406 -63.0427 
136.526 120.608 85.2294 58.5999 60.9954 62.4502 98.444 47.7684 54.6752 
129.437 105.296 70.4302 39.9587 64.5611 78.0411 159.831 55.3809 -59.3916 
13.6366 46.685 75.2796 15.2347 47.1085 69.2667 233.177 57.9275 -80.5643 
93.7283 76.4673 92.2754 43.4623 50.2486 58.1567 103.471 36.9407 -30.375 
117.83 87.6895 73.8824 73.1544 78.6781 75.7457 139.102 58.7516 -32.8471 
75.2938 84.6607 106.119 32.0413 31.3397 53.0971 119.16 47.7604 -41.3211 
38.3829 70.8921 104.268 121.773 91.2945 -55.0774 101.803 90.2465 61.6282 
112.358 104.356 92.7309 95.9759 73.6065 65.2567 72.5931 67.0627 75.6263 
30.8476 67.3712 82.9839 16.2751 42.9725 61.812 225.459 66.9506 -85.5625 
17.1024 46.702 72.8396 25.1255 58.3809 75.6958 228.185 57.257 -73.2696 
110.726 83.6876 79.4528 37.2911 31.5774 39.7928 129.423 59.816 -50.0428 
106.952 105.513 104.821 60.9538 61.0692 66.4212 138.645 58.5323 -32.4763 
40.901 33.2634 52.0031 111.017 38.905 11.5336 89.7122 59.3729 62.3428 
93.9695 72.088 75.2016 76.3694 62.3919 63.2785 77.796 56.1057 48.9355 
58.2907 93.217 105.632 36.1513 58.6192 70.2327 205.969 75.23 -83.3525 
27.7254 38.0569 72.8502 156.458 54.6834 -47.1643 94.7576 69.9264 57.6997 
131.353 108.33 87.5531 39.911 51.076 61.3814 123.927 67.1824 13.8307 
40.9691 77.8871 107.921 89.8934 86.0613 71.1647 142.686 91.3419 45.5436 
108.672 81.4212 82.3108 125.33 76.6211 38.5819 138.135 75.0855 -44.4872 
45.8225 66.4517 78.9069 45.8255 80.1735 94.3234 214.431 65.1146 -77.0516 
95.4552 113.455 126.579 44.7995 60.1066 78.5608 142.661 47.3968 -55.6533 
92.7526 85.3301 83.0984 64.5217 60.0701 47.2395 163.42 73.4314 29.9682 
126.926 138.468 127.299 100.323 64.2554 59.2092 84.6287 45.7737 -36.8603 
51.4199 70.9462 104.972 181.302 56.3652 -59.764 146.572 51.7613 -43.3251 
80.676 116.007 132.314 119.027 70.1013 54.5038 159.051 60.4087 -48.5429 
116.476 83.5593 57.9337 50.7981 69.1755 78.9279 188.816 89.4312 -92.7552 
108.486 90.7836 86.3846 89.1653 82.7743 77.1361 135.712 78.6924 54.6227 
12.8369 30.5586 49.2376 14.7869 35.194 51.1371 211.029 83.5255 -97.6014 
86.8276 101.649 110.325 56.8533 78.6134 86.8632 154.656 81.606 -18.0928 
30.3923 13.9799 36.0061 129.881 43.9447 49.0296 179.372 38.2944 -40.4823 
134.689 82.9139 -26.7558 74.4616 69.2484 69.3215 135.971 77.2098 17.1605 
64.3526 60.7411 69.9219 116.914 86.8445 51.1576 84.4952 60.518 26.7752 
163.883 86.4066 -72.4917 87.2308 56.4204 57.5771 141.015 75.3462 -44.1311 
66.4997 81.1946 96.2781 18.1316 29.7045 47.4441 169.213 70.4053 -55.4589 
146.601 141.187 108.943 74.8078 64.6292 64.2585 78.4728 46.3466 -34.0009 
118.435 93.1959 55.146 48.9023 55.8089 69.6838 132.931 70.2544 -44.3498 
87.0153 97.8845 99.609 155.605 64.3638 -35.0301 77.6451 68.6818 50.6748 
43.0875 72.5375 82.6027 29.3078 53.409 62.8084 224.743 51.9056 -59.1059 
165.751 132.076 55.3632 31.6522 43.2083 57.5749 157.542 48.406 -29.4153 
103.3 77.0546 71.5019 46.656 50.0821 52.6434 84.3735 51.9943 36.1707 
126.437 123.913 112.555 92.8616 76.8032 67.0142 144.645 61.1431 -33.5908 
78.7515 18.5864 26.3419 166.535 46.9342 -50.0854 86.2926 50.9406 58.9638 
54.8276 14.1799 27.4524 170.237 57.5371 -43.6878 151.977 42.7966 -20.7272 
52.3196 57.7682 89.6873 68.0263 66.4835 68.5873 139.839 86.9579 -56.7793 
45.8703 84.3123 105.733 14.0778 37.1418 55.1195 230.92 55.2086 -71.0658 
94.8773 102.209 101.672 62.0854 59.8639 62.1528 140.822 81.5002 -40.7184 
190.051 99.0978 -103.4 23.5055 49.9471 72.6677 92.4945 42.9015 32.3612 
117.317 110.976 97.54 36.5223 44.1282 56.1261 129.091 58.0328 -44.0298 
171.789 108.493 -63.9086 79.2023 89.5344 87.319 123.905 65.8908 -20.7146 
122.871 84.9057 55.1937 90.5767 83.5189 76.3733 112.216 95.5623 69.781 
37.0808 42.8374 66.6739 87.4685 69.8881 54.1605 167.151 67.6313 -53.1438 
138.62 100.384 64.3178 109.121 77.2768 57.3637 102.346 79.0155 58.1773 
82.8871 103.334 119.26 112.278 99.9043 64.4653 163.028 82.6629 -51.5299 
132.577 92.1198 54.0177 198.538 67.2922 -74.0774 147.393 77.6169 -55.7644 
40.1475 64.5438 103.401 103.191 54.0553 34.42 183.285 46.7187 -25.9165 
86.379 86.8478 96.376 58.8143 53.7937 58.0751 125.693 56.2944 -40.5576 
36.6518 77.7998 112.174 9.43888 18.586 25.4287 214.33 66.0027 -75.5794 
67.8526 72.9534 88.2818 107.996 70.6806 66.1764 121.591 54.6071 35.1477 
76.9944 81.5017 103.229 48.3757 59.6593 72.7409 167.64 80.9297 -61.5596 
67.0594 64.8608 90.531 78.5938 73.6411 62.0247 158.831 83.9977 -34.7697 
22.5503 66.147 98.5013 10.8472 38.19 61.6848 230.516 58.96 -77.3687 
130.012 133.701 127.453 120.911 59.9646 -28.101 75.3453 47.8049 -25.8526 
40.0033 21.6829 47.4823 83.7511 37.7538 39.0088 147.016 66.7924 -59.9821 
69.0029 107.346 132.717 78.1521 73.176 68.3202 87.6849 46.6171 -34.9285 
116.807 86.1404 41.2368 92.5853 56.3564 45.5297 131.741 46.5973 -36.6792 
26.9842 47.6541 77.3417 110.353 63.7135 24.5744 68.9888 56.6222 52.4344 
142.172 107.086 48.8618 94.8463 53.5001 51.8814 120.322 77.7519 28.2097 
40.5698 43.4855 70.0865 83.9704 72.6208 70.567 154.574 80.6825 -60.1179 
111.129 88.2815 79.5387 17.6222 25.9165 37.4364 145.981 65.0797 -45.2153 
105.049 101.397 94.1268 33.8303 60.5772 79.1123 184.923 87.1058 -85.7515 
140.058 90.7585 -40.9605 63.6671 65.6073 72.8887 141.568 75.5613 19.4302 
62.5741 90.1632 105.517 15.1145 28.1042 41.385 231.661 47.5675 -64.1884 
22.5799 56.9398 85.0628 17.9162 49.4762 70.8059 230.925 55.2609 -72.8446 
34.858 30.6082 39.2229 37.2964 42.2173 51.8939 172.268 82.2348 -73.9575 
134.54 75.3991 21.7638 78.841 71.1122 78.1819 71.9499 57.7533 63.2699 
24.275 65.7333 90.4095 4.45309 16.1066 28.1256 230.055 63.3096 -85.225 
89.2983 56.525 68.8225 28.608 37.9503 47.1564 135.671 15.3396 18.3298 
89.1329 103.125 114.361 88.0665 45.3138 36.6963 119.417 48.899 -34.2508 
41.2719 28.9562 55.7104 168.742 48.8332 34.241 166.378 76.3371 -71.9163 
31.3918 27.3412 53.2459 91.6507 55.7282 52.2518 93.5287 59.0473 36.3778 
154.472 77.0898 -59.8287 56.5937 64.5749 80.8555 151.881 52.2639 -38.3087 
9.91736 40.9364 70.888 9.17068 34.9436 56.3364 243.721 39.7062 -62.3895 
100.278 99.1261 101.178 66.4153 46.6699 43.9289 112.446 49.3272 -42.2466 
48.504 51.7957 78.9273 90.3051 63.667 57.0529 114.789 63.5602 14.0377 
105.677 70.8352 74.0333 80.1591 45.533 58.3142 149.841 65.5241 -47.1168 
37.4716 14.8492 32.0793 181.054 45.9061 -47.9642 141.161 79.0469 -28.9898 
126.295 120.236 46.372 15.5181 43.5123 69.216 200.474 84.3872 -97.8306 
54.4357 22.8797 41.2204 149.254 45.6563 -37.3453 139.163 67.323 -33.9901 
67.8357 83.4892 108.284 98.629 69.1547 65.0687 136.16 59.0305 -18.6869 
50.3774 106.709 134.55 18.2264 53.0995 75.726 237.302 47.9991 -69.779 
102.346 79.4538 66.2676 44.9274 53.7886 66.4656 150.65 75.9623 -62.0003 
103.142 72.1743 85.7698 118.974 69.7922 33.4099 106.307 72.5498 60.6656 
174.052 125.249 36.9591 60.7597 54.3124 46.9744 137.38 78.7316 30.9379 
151.961 107.585 71.0993 104.253 64.8601 56.1561 87.4161 60.3397 54.4792 
65.8182 43.1687 45.7844 55.6541 37.4094 48.8438 121.707 49.5785 35.4135 
37.8744 57.2125 95.0931 149.679 61.8025 -39.071 97.7177 69.0589 58.4865 
39.2837 65.5556 103.576 178.108 49.3843 -52.6735 155.76 56.3292 -41.959 
33.5486 13.0994 31.5563 146.005 51.4223 42.7057 147.646 62.6029 -35.5369 
47.953 46.7803 69.5881 108.992 51.8339 29.9873 138.619 53.2906 26.9858 
110.24 129.222 114.575 95.7559 70.4099 35.3683 163.737 79.5322 -58.7132 
38.5067 65.0855 100.358 79.0074 81.4415 82.7101 119.329 86.1311 -58.7788 
56.3519 103.8 133.641 111.12 76.127 58.5507 144.579 90.8882 -64.8126 
100 72.2518 62.1126 176.168 79.4352 -76.0761 65.2977 78.6285 84.2774 
37.6021 39.6797 70.3935 141.258 67.3255 -49.3081 158.651 62.5327 -37.8528 
39.7736 63.3146 103.019 97.6391 62.7022 43.133 154.069 38.1449 -37.83 
57.8819 80.2862 106.45 151.469 71.0036 -44.1212 91.3562 65.5882 53.098 
54.4489 90.1768 118.325 78.838 32.6072 27.331 177.737 67.8197 -64.445 
54.2135 85.1962 120.621 146.397 61.8878 -41.5074 66.0695 63.9708 54.4252 
41.6952 61.8473 98.8135 156.793 64.4204 -43.9428 78.1491 63.4699 53.3542 
133.662 134.267 105.504 126.07 74.2786 39.6021 130.91 76.6285 15.8394 
64.7729 81.0385 99.5582 117.219 66.5227 27.8178 67.962 47.271 40.98 
109.711 85.4047 73.9155 75.1261 46.0703 40.4064 100.507 75.587 67.1646 
97.0658 93.5715 97.9452 74.8376 56.7766 55.4899 132.933 77.0086 26.6385 
116.739 93.1232 79.789 84.7501 92.244 88.9745 144.836 90.7962 -66.1522 
52.2194 57.987 81.6217 118.307 61.1009 38.9487 99.7732 57.2365 -20.4181 
112.846 85.3282 60.7641 40.0287 41.0978 47.1962 198.32 34.7995 -46.0973 
52.5736 74.4145 100.24 111.322 72.5914 -27.5905 52.6911 68.0147 74.1236 
39.2597 17.2839 31.5739 126.689 44.8165 32.1861 152.055 70.2612 -51.979 
58.9023 68.1086 93.9676 54.9036 51.5396 53.2166 96.9168 55.8868 45.3775 
85.6101 111.858 101.968 18.0896 39.3554 55.6941 235.288 38.3182 -60.2311 
92.4515 98.0713 94.4592 115.808 79.2971 33.005 180.304 64.334 -64.6074 
30.295 51.4988 90.824 102.804 64.9171 54.6926 190.564 71.1435 -65.9906 
76.4751 90.2534 111.526 106.368 64.7235 46.6381 157.225 71.986 -47.7813 
112.928 90.1295 71.732 83.1043 73.5143 69.2676 130.99 79.7295 -58.1617 
51.7988 79.0615 102.153 44.4286 58.367 70.8748 136.701 89.8538 -36.6437 
51.4726 82.8829 117.497 162.077 61.6173 -59.6924 101.223 60.9387 -36.365 
149.816 95.3676 -57.1455 48.5043 56.3339 63.4657 154.093 62.8984 -45.4427 
67.7037 100.975 125.431 90.0084 73.8078 45.5083 72.8164 66.8831 55.6367 
39.2738 59.3464 96.3469 126.226 64.722 -46.142 91.4698 89.0907 69.3065 
44.4247 63.9445 99.1302 179.016 63.9883 -60.9127 107.325 52.6951 -42.9602 
135.21 160.034 129.129 111.496 91.9094 53.6242 69.8466 86.2858 87.8509 
58.0792 82.2374 112.253 63.0634 51.3211 48.4495 109.539 83.6004 67.4799 
44.4856 27.8156 53.1702 109.755 52.8982 21.9457 188.781 40.2575 -45.4049 
26.1615 18.4956 45.1723 218.125 23.5881 -26.9139 142.025 69.8431 35.7794 
70.9055 81.7675 89.4514 73.5942 54.0668 51.9595 99.1321 67.0126 60.127 
38.8143 85.6507 126.22 167.613 82.9338 -77.53 81.4285 79.8126 74.3965 
73.5951 72.2464 77.8783 152.111 61.6915 -19.6961 114.045 89.4501 58.3075 
73.684 100.733 121.977 76.554 55.9712 56.5223 156.719 77.9072 -73.0087 
32.6783 49.689 83.1898 100.013 60.8483 -33.5547 166.278 88.595 -79.7795 
107.79 114.467 99.1312 120.507 70.9159 65.1863 76.6459 79.4095 82.1962 
106.009 104.541 99.4259 60.7641 51.5667 57.5182 169.422 81.3855 -70.122 
31.5927 55.8608 92.1477 92.7143 71.0947 49.9278 173.65 83.0192 -67.4968 
179.858 104.548 -86.4228 172.391 73.5048 -54.5127 73.3156 49.7037 53.0267 
85.2579 71.6414 80.5413 135.768 68.8078 -41.2106 55.4487 48.9197 49.0918 
69.7735 85.6995 97.2278 94.9223 54.8014 22.9026 109.699 71.4712 49.8104 
98.1599 49.0086 61.1151 41.4481 46.6522 68.6382 205.616 50.5672 -68.3258 
79.8044 86.6805 105.812 108.036 67.419 61.6078 154.266 89.3089 -65.0778 
65.0098 84.5491 106.599 55.5709 44.1782 40.3056 122.638 72.7798 -48.0683 
225.894 107.634 -112.155 86.9432 55.1863 53.108 99.539 67.5762 45.7347 
110.234 98.4746 100.651 74.5335 43.8884 32.7825 98.964 68.4688 68.4289 
123.55 105.581 90.7424 61.0004 40.3813 44.9919 128.716 54.4642 38.1334 
142.879 115.86 85.9087 91.5434 70.6004 64.5173 126.298 75.2978 43.5614 
72.4657 72.5467 84.7927 103.207 65.3324 -30.5044 137.373 63.9917 22.6862 
84.5303 77.5101 92.2378 89.6998 65.1622 61.9466 124.76 60.3554 28.2379 
39.7406 34.3071 62.557 112.838 64.4823 36.1647 96.7066 50.0565 17.9945 
47.087 83.6446 123.149 178.95 62.0262 -47.4871 136.001 76.4613 -48.4721 
40.7473 100.515 136.49 46.7106 82.371 96.4643 54.9766 83.0523 85.767 
139.378 98.9663 54.2626 93.6542 58.9159 42.0988 68.2221 53.7019 54.3012 
114.958 147.395 125.096 51.4203 57.6343 52.2101 70.6925 73.1218 69.5081 
91.4851 84.6151 98.1572 95.2284 66.8599 51.8659 131.089 64.3224 -38.6284 
93.7297 110.871 116.664 99.432 72.9578 59.639 138.823 54.3751 8.5239 
41.8406 73.9231 115.392 138.191 59.9488 17.0643 109.182 78.5391 41.4508 
224.86 39.8515 -46.7143 84.9941 54.4848 48.2346 157.78 76.9187 -70.4966 
78.2882 102.578 125.087 81.2778 53.3459 41.0308 152.354 51.2216 -36.8406 
51.455 62.2324 80.9915 98.9191 67.8632 41.9285 158.362 70.198 -45.0976 
86.4948 113.05 114.544 62.5827 75.4426 75.9599 145.063 90.5991 -50.0694 
48.0468 76.3983 112.244 132.223 60.1807 -49.4219 92.0228 66.9697 -25.3708 
-1 1.46005e-012 -1.46005e-012 0 0 0 117.273 90.9142 26.9009 
53.7471 57.2649 84.2342 25.4059 32.958 39.5842 178.937 34.6072 -35.4707 
46.7187 58.6256 90.2214 119.511 60.3564 -27.199 126.472 75.9829 -47.2593 
73.4804 92.158 110.942 111.969 72.536 61.5713 112.685 53.914 -21.6465 
76.4591 80.7502 87.0566 50.8163 39.9275 49.4331 152.735 71.7832 -53.6545 
31.6147 22.2123 47.7226 97.6076 70.7814 -36.0879 161.919 44.9535 -44.6391 
51.9893 48.1673 59.4663 147.002 73.6654 22.7443 131.357 91.5119 -41.7476 
200.169 60.7249 -73.9601 49.0952 35.7309 45.771 122.501 70.4801 39.1519 
88.6674 102.237 106.99 57.8746 37.2178 32.1624 146.65 52.6285 -27.4892 
-1 1.46005e-012 -1.46005e-012 0 0 0 87.9455 70.2002 55.4489 
148.123 114.75 59.7127 72.3623 72.1542 70.456 151.492 74.6484 -66.7307 
76.8409 79.5677 78.0932 71.2152 63.7467 57.5082 48.2789 57.0673 63.2458 
173.549 96.3074 -74.2137 84.7918 58.9338 57.5511 106.095 62.7672 43.2969 
-1 1.46005e-012 -1.46005e-012 0 0 0 100.227 63.9227 35.0905 
91.1693 113.573 123.799 165.981 68.7658 -53.2587 170.574 73.1357 -68.4451 
155.393 97.6499 -40.7207 63.2189 75.604 85.417 205.21 38.4013 -43.7547 
28.1332 60.4968 92.3895 59.5833 88.5725 92.3201 240.793 41.2983 -65.2343 
105.295 104.136 97.2417 47.4135 42.2511 42.6664 189.22 64.7305 -66.521 
104.1 84.7352 77.1441 45.546 42.3222 47.7715 137.508 73.9418 -17.9516 
65.2666 73.9406 91.866 62.4742 57.5001 51.7074 91.7629 61.0238 57.9246 
69.0156 77.2251 82.2172 65.6136 64.6224 61.1211 69.6383 80.5551 82.1937 
62.0619 52.3074 54.6072 181.868 64.0614 -53.2515 133.616 82.8424 -47.4082 
95.8065 110.091 113.914 96.6476 61.5648 35.4084 137.898 86.1635 -22.091 
55.4058 67.3584 98.0759 116.536 49.165 -39.6105 64.6248 40.1499 24.5245 
207.208 85.6799 -90.2001 53.1602 64.0167 81.6443 116.169 89.6222 57.2411 
137.477 109.411 69.8995 70.2333 47.5925 50.2204 121.644 74.3288 40.3235 
65.8305 83.8684 101.004 117.248 58.2028 -39.6896 119.078 63.732 33.536 
32.9106 69.8965 112.992 147.891 37.4153 -29.9673 137.791 56.958 -50.6627 
63.2226 88.8417 104.092 39.9489 46.2052 50.7057 151.56 77.527 -49.6243 
123.981 88.2702 34.7 140.064 78.3312 58.8035 120.273 58.5845 -25.4651 
67.8421 64.1635 83.5886 170.236 84.6293 -84.4586 178.899 41.5494 -45.7627 
73.6714 73.8738 86.3871 54.001 45.5936 48.456 104.011 68.0444 54.091 
76.7569 103.833 129.014 87.4354 56.9306 49.8544 123.252 56.1521 49.9366 
51.2154 72.5254 107.519 185.2 55.5962 -54.0827 100.889 61.4429 -31.7912 
54.8907 45.8178 63.2543 83.1749 49.4122 48.2664 123.047 63.5751 39.3474 
