205.105 114.307 76.3713 111.167 126.992 129.259 88.345 5417.72 
344.965 161.532 215.109 157.935 853.617 1513.33 60.5716 6.59196 
123.887 93.6394 154.314 143.824 277.374 530.668 396.019 1464.13 
594.81 121.762 1613.19 1203.43 537.391 144.356 131.94 154.049 
1029.31 82.1281 83.8259 113.593 156.984 137.998 144.527 8037.43 
154.641 392.367 484.406 506.79 237.507 189.845 122.273 1408.4 
100.785 263.757 154.886 128.655 213.228 58.9815 1562.97 2694.38 
1704.64 92.7895 87.4511 90.4556 99.1234 77.8181 38.0471 90.3041 
218.636 164.57 172.698 120.942 159.132 944.508 449.954 426.596 
261.86 177.269 174.521 236.326 179.119 16.3319 22.8367 8287.35 
132.456 97.2017 57.2595 82.2936 82.9359 47.809 32.4473 5090.51 
79.6652 341.796 162.879 592.207 588.905 1934.27 14.0647 0 
226.764 132.745 507.407 558.507 228.729 48.3437 901.954 3347.27 
123.786 120.589 111.212 926.285 601.118 95.4512 155.207 113.477 
4550.31 85.5433 66.3689 56.9967 51.1909 35.6251 35.5055 76.1381 
421.679 158.78 131.965 154.292 165.469 116.007 637.001 871.222 
449.501 252.351 238.4 855.445 1351.54 847.072 159.059 128.321 
225.75 203.504 732.891 746.091 425.746 235.58 77.6212 220.989 
103.527 99.1398 96.6382 83.5894 61.9632 108.872 171.454 2409.12 
190.872 131.527 72.7601 65.3829 44.419 782.814 1043.19 496.84 
281.002 77.6343 85.5883 73.0782 82.4179 134.238 106.617 2736.17 
214.319 156.903 129.464 1568.66 2144.49 52.7533 41.6797 51.4528 
231.78 169.893 159.119 105.338 119.532 91.5259 2215.52 3204.86 
2070.33 585.372 338.687 1265.33 575.964 136.1 185.784 443.639 
146.654 69.3761 72.3955 92.5363 283.478 240.607 127.892 294.826 
255.142 200.977 68.6014 128.976 69.1856 146.002 304.262 227.978 
522.897 129.752 98.2423 170.181 482.639 802.657 322.675 205.768 
82.9602 97.2106 178.448 204.911 193.01 271.547 274.873 531.312 
103.752 103.91 125.4 154.304 656.56 669.884 534.158 600.074 
285.889 194.707 172.554 127.222 59.4739 115.814 2260.9 1894.67 
155.256 92.0563 78.2881 68.3095 286.729 276.329 550.962 499.962 
158.297 501.239 156.722 141.176 84.9966 148.378 1159.44 1961.58 
485.296 110.985 204.886 1186.88 782.435 105.015 140.96 121.52 
116.065 72.9546 266.235 1474.74 1115.12 72.344 31.2632 267.632 
166.511 79.0114 167.932 128.143 561.64 516.931 301.779 1542.19 
740.183 355.005 227.082 303.518 367.955 44.9271 18.6356 5179.8 
4732.73 228.896 248.158 138.349 1545.69 1763.65 42.6528 436.615 
364.534 93.9785 90.5747 72.2338 54.1518 48.5972 66.4589 1343.42 
513.434 442.059 357.25 231.776 86.0064 23.4556 24.417 632.361 
105.354 494.435 864.334 387.415 322.695 561.847 217.959 22.0321 
122.68 449.304 451.082 239.674 91.9234 102.275 221.328 7700.9 
657.238 114.753 146.904 109.76 52.6114 402.505 876.871 3015.21 
255.199 131.044 580.617 950.888 332.765 55.9443 36.8957 187.897 
786.566 59.6555 106.383 189.362 1159.4 50.7357 112.891 117.452 
137.231 275.102 216.033 110.897 44.266 155.293 1406.78 1379.11 
85.7958 105.101 290.3 707.094 649.498 439.595 381.904 21.8802 
1195.82 163.333 223.843 435.492 222.565 603.564 562.858 164.287 
169.199 265.085 297.657 32.2762 24.3632 54.6946 487.772 1145.66 
2.8023 145.473 238.938 149.91 39.5996 170.592 409.908 2704.76 
95.7966 59.4422 143.703 596.516 1030.05 44.9836 51.2558 70.0875 
5056.83 170.509 221.454 263.705 209.926 153.856 157.462 208.466 
1829.78 211.219 141.831 187.803 121.339 132.321 149.613 114.308 
202.714 129.997 92.3469 124.768 104.097 110.237 3692.5 2420.69 
141.037 132.46 110.364 132.139 411.285 274.877 365.823 212.286 
327.612 379.984 217.048 226.808 228.589 243.201 238.513 17.9788 
292.845 217.845 128.266 212.075 746.674 331.86 171.3 153.825 
284.042 258.524 126.584 105.083 68.8633 1530.92 169.899 124.668 
124.719 63.3438 50.528 50.197 55.4089 366.673 641.336 766.584 
104.233 70.9136 79.1453 93.3606 583.617 1287.46 146.308 132.137 
73.1187 1000.96 298.569 2397.77 1410.06 271.498 149.337 208.2 
498.257 346.177 166.247 185.623 507.041 464.616 1967.52 1639.37 
1730.91 160.946 125.139 186.173 153.696 203.849 503.367 1908.94 
264.965 128.206 110.203 107.672 64.578 49.8294 4132.67 188.03 
45.2599 43.5506 641.66 443.992 178.474 118.767 123.786 195.597 
229.468 92.4109 88.1379 116.061 123.931 79.2617 369.126 2202.79 
117.491 109.665 119.025 212.04 176.276 182.84 158.846 194.283 
1.86254 63.4138 141.195 173.288 166.133 237.478 692.508 1906.1 
288.288 114.293 95.7114 89.1982 126.572 206.237 347.068 2045.29 
99.2498 156.043 1606.11 814.476 136.66 149.573 185.807 36.8818 
243.502 230.141 132.891 360.088 1377.87 80.4262 35.0029 72.9515 
139.222 128.512 91.0157 111.326 124.014 75.8371 26.6368 5379.52 
150.69 95.0555 163.643 321.157 177.539 531.288 1154.98 2004.39 
398.57 107.635 80.2044 113.89 97.853 197.634 55.7961 5445.89 
96.2513 98.9194 152.419 219.238 599.949 235.083 573.69 2137.02 
213.598 108.087 85.0088 117.215 82.2995 3384.61 47.7852 96.2364 
628.742 354.555 381.383 395.426 13.7468 1015.73 1535.78 2833.9 
154.298 262.668 98.0778 57.687 88.6714 933.536 545.934 49.4425 
225.702 40.1737 57.9414 203.068 295.373 112.749 1511.45 1467.78 
256.625 129.787 77.1862 94.2836 145.124 153.505 257.352 75.5115 
114.526 266.181 260.063 2611.79 2948.08 74.0847 403.033 782.898 
148.494 188.136 219.786 173.099 116.164 206.085 644.292 0 
472.085 164.046 174.201 209.058 757.903 460.637 379.911 63.2654 
406.058 234.399 200.615 107.66 19.0131 909.494 898.494 992.646 
188.156 180.731 868.113 460.874 154.398 116.663 117.162 88.6874 
4686.97 111.561 120.548 135.15 141.294 117.497 110.569 99.316 
317.42 120.103 158.848 151.568 167.65 134.849 64.0014 4445.15 
185.318 135.888 131.815 50.3154 149.313 1336.57 1853.74 280.824 
1896.71 106.023 117.744 109.838 322.92 108.545 857.352 177.514 
446.87 166.389 128.701 69.3818 140.103 234.804 53.8133 52.1352 
563.49 417.51 6606.32 107.247 155.851 194.417 157.61 207.795 
182.435 203.885 147.018 54.7763 186.369 284.309 451.435 681.678 
291.765 217.783 104.444 93.3727 171.734 226.714 81.908 206.347 
602.56 420.045 143.577 89.0934 87.9077 31.7576 116.808 290.477 
220.056 348.316 81.7467 116.168 139.497 120.985 96.9911 117.657 
104.085 99.0863 94.9681 136.158 204.502 102.45 33.055 29.8002 
126.349 67.7038 56.0538 31.4564 46.7248 64.9179 32.7209 7.12504 
338.564 627.291 594.872 277.413 198.576 159.829 72.7304 600.214 
2932.1 495.605 263.044 582.02 606.153 139.638 130.589 720.734 
551.918 164.363 106.444 103.198 123.08 291.355 265.707 744.214 
900.783 876.755 433.422 443.416 176.229 191.82 255.437 427.692 
334.794 94.8578 48.895 59.7866 51.8057 63.7647 71.0472 145.723 
353.162 225.445 173.964 212.339 170.904 67.0638 67.9767 91.3473 
442.968 119.797 95.7414 57.1389 90.9104 136.734 143.733 146.214 
21.2131 119.307 144.787 62.8844 35.2102 47.7677 62.3032 210.809 
568.581 257.055 142.272 106.228 104.257 204.058 201.742 37.4532 
134.852 147.929 66.7061 49.883 104.606 180.718 138.038 36.0055 
2998.39 183.514 125.017 69.3299 97.3532 181.236 109.57 139.217 
242.045 85.8028 66.499 77.2619 159.558 207.177 168.428 12.1219 
102.954 87.8568 91.8771 129.476 120.306 90.4158 84.076 427.245 
304.609 245.537 142.872 109.413 122.937 189.866 209.55 457.492 
172.137 283.339 124.719 98.7188 61.6948 5.91891 0 48.5909 
134.725 165.603 326.18 616.623 267.161 145.87 17.6409 51.3479 
83.5687 164.767 95.6331 109.294 91.7742 70.4007 85.6259 30.9957 
119.514 84.2508 52.0179 51.7174 156.318 235.156 201.668 777.85 
502.236 408.114 491.382 501.498 658.385 787.603 121.275 1604.93 
116.875 178.705 92.2518 116.648 189.187 95.3918 67.6337 263.128 
249.105 194.718 96.9158 66.607 62.7827 81.0486 81.7397 143.359 
165.991 186.608 169.442 49.6831 41.0615 69.425 138.323 447.544 
348.93 137.289 63.2238 65.5798 81.8434 100.547 25.0848 46.2072 
119.556 98.512 73.2865 45.9918 62.2172 66.3844 58.1071 32.2462 
620.628 152.315 58.2616 66.2627 92.2394 101.424 70.682 48.1561 
294.368 265.846 174.442 95.8787 104.059 134.23 135.635 257.567 
2231.84 201.67 203.124 123.384 76.4554 33.0223 42.746 29.4551 
39.4322 187.563 198.938 243.698 78.4862 103.035 68.9767 179.886 
79.9101 75.8127 62.4754 69.2632 68.4932 55.6519 30.3381 29.6167 
355.693 212.789 115.513 89.5705 81.0472 39.4581 28.0401 62.2132 
199.482 159 86.8024 115.349 208.968 130.509 18.4615 139.417 
247.329 148.285 76.0349 59.4791 120.009 261.256 152.018 29.1314 
330.054 153.267 352.686 466.773 220.926 1136.16 385.952 1003.63 
2281.44 509.464 304.28 216.469 184.966 43.7066 15.8386 291.506 
1093.26 259.263 177.109 131.594 57.9536 35.1985 44.8947 586.985 
235.375 128.576 77.1909 112.453 95.9817 87.3721 86.9989 112.769 
248.778 147.359 103.115 38.4168 70.3212 94.9899 98.3807 75.7576 
162.256 274.936 365.382 129.401 120.322 323.058 243.942 40.7915 
12.6984 420.47 242.891 271.227 245.078 676.375 628.366 610.288 
0 153.725 135.261 66.4222 67.3594 64.2517 81.2011 182.418 
344.165 179.476 133.082 55.4106 58.1256 59.021 90.8175 592.705 
91.1469 105.49 74.3852 49.2841 79.2547 128.732 122.715 361.936 
375.699 318.343 250.025 277.132 395.203 254.615 199.877 646.928 
47.3421 128.779 57.0597 95.9529 172.398 62.538 150.361 14.2172 
140.481 78.9698 72.3735 81.3569 72.8508 80.7415 88.4666 192.976 
444.241 215.578 89.3377 925.405 950.33 217.513 176.821 137.382 
2779.77 438.47 230.506 208.673 104.365 97.9996 189.062 378.679 
70.4603 127.253 104.262 27.933 136.339 217.921 16.753 14.4875 
547.893 346.258 190.335 82.8157 61.7108 1228.12 787.246 2796.38 
120.944 101.032 25.336 112.477 203.389 210.956 195.028 0 
155.374 101.601 46.4143 128.602 98.0029 75.622 77.5574 310.055 
0 183.73 195.679 110.654 153.998 26.4795 16.3973 16.2112 
0 213.26 204.43 250.734 303.827 235.507 96.4557 429.122 
223.557 279.503 147.533 138.972 114.679 77.3002 94.4006 484.885 
82.03 133.488 62.5377 64.6163 57.4028 39.5455 34.798 45.6472 
431.835 334.943 229.238 139.717 139.429 160.221 223.307 812.765 
116.039 218.001 117.784 215.075 138.939 207.955 187.259 51.7268 
186.087 77.7879 86.7306 94.1161 90.2401 86.4318 87.2657 68.8073 
128.52 95.008 54.1852 51.0562 54.8427 53.4973 44.7881 59.1094 
319.912 107.639 104.442 183.434 84.6684 68.0481 28.5196 70.0701 
22.2646 331.688 249.617 138.341 96.3909 177.962 42.328 17.9695 
333.052 524.169 246.136 197.709 217.636 250.581 231.239 273.651 
40.889 104.115 111.986 66.8057 130.624 178.5 0 10.6355 
578.386 759.693 149.967 187.968 129.764 94.2249 88.9015 270.886 
229.265 141.231 57.9035 62.6545 65.2538 44.8543 33.4267 31.718 
80.334 194.18 100.119 32.3513 16.7356 35.3171 3062.25 66.9833 
205.965 188.206 122.04 79.9681 94.051 121.965 116.552 144.917 
275.647 221.312 235.212 220.102 201.283 186.161 204.529 95.8385 
140.412 280.98 135.08 351.391 233.185 29.5113 24.8158 103.942 
345.759 282.814 193.803 239.88 152.418 101.23 95.0005 42.7433 
345.99 292.282 265.875 217.18 172.744 153.641 41.4195 116.963 
1408.25 281.028 200.042 93.2113 49.8639 35.4879 103.914 89.0751 
54.5703 181.552 140.245 132.887 76.2653 37.3093 859.155 68.8028 
0 145.836 118.104 117.565 156.313 127.342 127.849 57.1973 
662.597 845.763 228.318 388.603 622.629 678.832 33.1065 261.195 
432.723 244.027 209.809 1191.68 615.903 355.391 23.7354 155.039 
333.6 174.344 136.14 279.183 193.735 100.445 27.9774 94.0534 
84.4969 165.315 136.723 124.34 122.691 87.7542 64.4969 66.3805 
111.41 129.126 144.547 110.023 79.2547 90.6241 111.77 125.922 
70.7912 145.472 91.4392 58.753 54.4007 55.064 70.8321 129.654 
1745.35 597.833 346.94 198.577 110.677 97.292 135.06 4587.7 
466.014 239.678 238.752 219.908 263.943 216.31 200.619 540.764 
331.121 270.988 65.5725 47.0009 163.848 671.749 39.8006 0 
383.529 83.267 85.4607 64.9846 81.4721 85.7881 100.277 181.452 
230.239 167.739 166.381 146.221 94.6623 89.9625 90.5208 96.9433 
548.162 200.83 153.454 173.199 144.352 148.142 276.302 387.523 
111.883 157.313 252.98 169.085 207.838 328.773 299.556 407.288 
172.865 212.991 144.382 69.9798 85.869 97.0448 55.8736 231.103 
347.419 317.428 157.42 126.783 121.449 101.72 77.7641 129.435 
438.418 197.231 113.453 122.63 133.115 215.356 191.328 173.894 
454.295 170.784 167.611 121.183 98.1483 89.1817 85.5484 151.454 
285.52 266.639 112.135 165.325 91.8357 81.1695 116.684 81.766 
318.376 209.101 103.326 63.8328 95.5655 107.134 127.62 128.658 
909.47 373.003 180.194 271.022 281.302 87.6443 84.9985 181.88 
235.222 96.263 63.4917 69.3906 58.3589 70.908 83.8746 137.766 
624.717 305.853 436.613 1812.37 833.868 1205.41 1243.92 481.815 
279.642 137.708 42.212 56.5881 135.084 155.864 65.1426 152.157 
305.026 212.858 133.34 55.0509 81.7852 166.077 179.901 95.2939 
460.368 166.191 74.4891 107.225 101.189 111.201 126.997 65.3194 
1239.89 201.095 147.72 129.18 83.2574 82.9665 63.2054 200.398 
43.8629 84.4954 73.9831 51.3163 44.3913 55.9949 74.0543 115.373 
68.0685 83.9911 80.4665 37.2705 26.7357 22.1239 18.5185 4851.8 
890.68 598.51 403.967 385.443 344.606 106.551 44.2656 6.02773 
108.407 158.681 78.6891 64.3263 137 174.356 172.233 347.473 
359.669 250.141 106.435 91.5086 127.732 119.271 118.421 91.4551 
416.712 345.308 234.988 229.125 238.593 225.481 282.232 280.915 
272.12 166.567 43.6749 52.4664 111.953 129.837 78.4708 109.087 
231.885 137.517 106.902 84.5464 109.235 116.717 80.3453 157.909 
0 437.064 1284.97 2413.17 1302.42 1055.35 1205.15 31.1333 
1233.59 332.565 950.49 892.481 457.22 777.308 534.237 211.88 
1906.89 101.74 194.37 235.061 398.193 409.749 597.995 5314.22 
2175.98 2108.97 2101.34 669.062 931.82 1115.75 724.412 0 
1010.19 622.609 389.652 397.307 448.961 271.849 246.404 4476.43 
3610.48 726.448 493.897 164.184 76.062 43.3793 28.1618 484.592 
1270.69 542.659 313.582 351.198 401.819 464.647 443.378 636.414 
265.223 462.116 377.391 250.956 192.503 232.84 251.776 51.9256 
5901.8 108.174 141.084 180.475 126.586 118.853 104.621 525.112 
8381.86 386.1 922.592 561.438 169.942 193.903 139.521 1256.25 
48.8001 74.7671 114.288 302.157 764.863 508.233 169.67 724.815 
542.183 356.271 238.942 453.228 407.13 222.236 206.612 0 
175.028 164.224 143.248 117.306 103.208 87.7267 26.1582 386.903 
226.253 108.784 80.8426 71.9243 62.181 58.7918 63.4751 1915.07 
263.417 151.294 204.517 407.786 638.346 696.42 694.954 0 
246.107 150.657 109.857 81.5558 87.0281 133.715 158.674 155.817 
713.679 334.198 281.977 472.616 104.57 109.379 289.319 173.553 
322.973 194.323 246.457 262.318 216.982 177.269 184.773 273.236 
1818.14 1075.64 560.113 619.585 550.551 688.286 639.522 602.692 
241.832 190.14 244.142 178.054 214.361 106.854 102.413 176.549 
446.411 182.205 403.155 214.481 73.9289 81.0764 143.438 137.7 
494.667 237.151 379.644 215.987 134.43 118.945 60.4524 2047.41 
25.1007 79.2757 122.521 110.284 91.1945 93.0742 169.777 168.182 
139.822 217.996 217.229 176.12 155.199 133.815 182.399 36.63 
147.279 134.152 87.281 56.828 50.7969 62.7732 81.3773 227.765 
207.254 185.426 158.973 111.548 51.789 126.581 313.368 665.417 
1094.51 443.43 498.993 406.261 429.921 569.347 553.585 226.162 
479.024 286.095 199.596 199.237 141.328 101.963 22.168 15.4959 
149.636 124.804 103.889 60.3403 48.3261 47.995 59.7693 59.75 
657.625 159.289 193.607 120.537 42.5595 19.0476 16.248 164.757 
150.877 83.6251 65.1506 67.4428 68.9085 55.9114 41.4019 460.13 
864.667 331.437 368.587 366.208 242.699 406.51 56.0238 0 
614.763 372.191 225.826 211.176 134.989 188.296 176.202 203.291 
213.71 162.144 179.83 124.488 139.804 140.324 79.9718 22.94 
309.402 221.147 180.74 104.269 137.185 153.26 142.124 223.952 
449.25 172.692 110.284 65.9209 76.291 85.5122 90.6525 189.38 
313.248 355.008 280.909 180.909 169.679 155.286 106.521 29.7619 
1151.17 211.273 171.086 354.243 367.985 255.096 138.605 583.858 
401.866 329.342 362.203 356.813 134.221 170.018 249.76 174.383 
356.084 336.381 184.321 85.3802 64.5699 87.3835 76.197 5155.69 
114.996 143.246 139.069 229.66 223.545 256.422 111.956 121.977 
44.7928 197.898 149.306 134.568 122.21 108.517 120.509 2700.54 
175.552 254.947 206.772 183.958 164.383 194.024 191.965 44.23 
190.139 86.6198 63.4555 94.1964 132.505 93.1089 51.2088 2.43353 
277.31 206.267 158.973 96.147 78.8605 92.5861 214.828 44.3572 
243.87 160.829 176.434 110.293 76.4141 80.5381 39.3461 83.9044 
44.3735 56.0989 145.323 155.654 96.4531 46.2592 131.669 113.565 
1460.71 227.353 294.899 150.536 121.853 45.6412 63.8774 169.942 
304.147 252.366 211.253 175.404 124.748 96.678 125.152 3120.96 
426.796 86.2706 54.2192 93.4382 179.722 176.334 131.123 105.855 
165.786 168.686 300.329 280.058 156.386 171.782 347.541 110.356 
177.243 139.361 181.608 225.372 114.446 157.016 101.673 7.50344 
285.014 148.036 998.947 1053.59 114.241 99.8922 90.303 360.837 
212.868 135.429 75.6385 43.741 37.4903 37.0104 31.4377 78.8314 
497.104 166.125 173.052 193.005 103.487 76.4251 91.4159 88.0044 
0 20.008 228.807 620.879 747.958 705.655 205.668 104.751 
275.362 148.916 125.212 116.806 106.807 138.17 166.55 216.463 
91.8079 98.5632 125.438 104.602 100.45 104.184 49.6143 3092.85 
461.639 222.149 191.632 142.323 141.386 203.504 98.1284 175.363 
738.588 126.035 98.8302 72.6878 78.3497 87.117 91.6286 38.9698 
405.815 177.435 105.291 119.49 111.377 64.7475 74.4224 48.0869 
1215.34 799.843 682.006 477.149 610.666 325.288 248.393 28.3447 
178.642 92.7303 65.9911 48.8712 56.8076 67.6034 64.8812 242.759 
137.383 124.905 109.311 171.842 300.614 268.787 419.405 435.359 
469.85 282.027 253.288 179.681 168.139 98.326 149.162 489.128 
44.5338 167.06 357.099 266.841 197.237 153.552 129.75 279.424 
760.832 229.468 355.105 318.099 251.09 232.913 0 0 
209.558 103.5 115.992 83.2432 48.0312 41.4282 46.8628 81.669 
322.965 292.766 232.351 156.289 161.014 119.742 189.553 4.62321 
257.384 199.653 149.545 178.316 172.019 161.671 112.732 137.468 
845.897 237.588 83.7081 131.945 120.281 110.292 207.77 458.197 
1174.22 987.989 833.06 532.395 371.616 577.071 574.563 124.224 
104.208 88.6055 81.3276 87.305 164.183 209.056 81.2876 889.899 
319.43 192.496 203.587 178.325 109.16 151.52 199.563 2.28938 
870.203 922.315 1065.48 1446.57 726.302 1302.72 1790.73 3012.08 
998.972 1458.5 955.75 95.2973 85.5038 125.729 226.001 306.812 
952.871 1177.83 794.419 586.083 523.655 630.81 487.673 198.857 
1234.28 989.621 331.535 355.414 582.551 691.523 884.095 2952.72 
1505.65 107.388 66.3602 54.1412 60.5892 53.1978 162.675 78.1654 
935.607 168.21 150.097 111.306 70.8452 306.457 238.604 458.542 
465.696 137.102 433.18 503.669 305.729 231.388 165.254 1798.03 
251.377 171.804 189.156 161.469 79.4908 115.149 147.195 38.976 
2779.37 3813.7 1360.94 159.054 101.449 121.782 26.1844 0 
762.258 262.115 182.072 200.108 369.272 400.558 179.743 3.52734 
381.301 662.058 1597.42 1481.5 576.082 220.739 173.146 960.719 
147.295 146.705 106.241 91.9725 71.3128 84.2433 182.445 267.805 
294.915 142.677 145.382 93.085 105.475 153.914 202.085 137.764 
98.0641 100.474 101.746 67.3671 117.842 292.709 84.1829 25.0872 
700.55 504.001 70.9736 121.282 153.506 147.673 184.679 229.541 
603.358 366.883 244.089 191.025 147.342 235.995 353.766 521.839 
723.808 191.013 91.8962 95.2331 320.066 119.527 149.427 2353.86 
53.9641 78.8366 82.9474 95.1706 121.892 128.049 365.532 82.2514 
624.742 328.829 390.272 296.039 258.496 238.32 236.019 265.115 
521.648 177.561 111.024 116.963 148.351 96.5677 128.285 703.457 
105.203 97.3939 81.503 74.3878 1144.4 1461.09 2526.59 3256.37 
126.311 195.28 176.588 154.814 179.542 188.709 127.922 122.02 
187.802 299.115 191.383 142.891 287.815 390.875 407.944 423.332 
853.039 93.3584 99.0469 61.617 48.9272 40.1747 46.1503 222.938 
374.149 263.59 220.222 171.9 199.444 254.307 210.981 237.323 
335.358 217.383 244.678 174.952 166.393 140.941 82.7858 11.767 
424.698 195.494 99.6615 92.6277 79.0895 77.8933 118.578 123.365 
6599.55 188.05 134.406 191.172 183.822 186.366 184.156 199.696 
1266.44 839.996 748.665 692.541 472.955 517.491 734.709 110.446 
102.493 197.842 211.748 203.241 232.25 375.187 385.712 121.841 
2175.02 575.969 345.252 122.526 197.933 301.744 40.0928 143.822 
1114.61 365.006 360.817 93.2089 98.8671 97.238 92.8707 81.6415 
65.1093 290.641 198.603 179.098 178.615 240.763 275.189 1135.99 
530.377 235.067 199.981 200.184 373.314 677.085 1500.06 1559.33 
165.242 217.636 198.059 123.372 128.075 112.464 193.091 260.13 
88.2138 131.679 117.047 87.6192 71.2 64.5408 80.0451 230.656 
519.07 455.434 321.917 607.738 922.177 407.556 729.019 1614.37 
376.711 319.626 228.628 245.296 183.149 205.255 529.451 456.545 
34.5022 76.6004 103.864 132.689 92.7274 45.0342 38.5082 233.213 
75.8993 172.526 193.394 353.992 199.676 142.609 227.295 134.759 
602.821 209.965 169.182 164.794 178.205 280.357 277.986 1320.65 
280.728 236.162 163.878 91.7713 93.6193 100.75 130.646 180.444 
868.549 200.596 128.509 177.039 153.259 116.684 739.836 255.977 
1461.74 80.8911 164.283 190.262 163.757 149.57 143.579 567.201 
5134.62 441.472 198.552 106.745 206.51 327.183 389.766 421.445 
260.199 201.305 240.547 208.706 103.621 215.225 288.447 0 
248.213 211.677 198.012 180.045 172.813 227.933 250.043 1784.17 
955.36 487.988 167.595 199.75 96.4673 77.6193 49.9349 69.4714 
299.294 116.243 113.329 126.256 113.843 112.966 186.054 359.274 
3634.46 145.992 184.904 196.789 273.171 266.983 248.038 528.479 
376.357 221.33 285.209 64.2335 82.8218 61.0066 57.6312 105.232 
239.375 218.152 101.912 141.608 86.9975 216.626 61.836 527.297 
431.269 218.08 210.539 195.787 358.339 518.116 275.787 88.5936 
0 42.5861 70.7965 280.821 314.586 19.3798 0 338.435 
358.878 171.894 116.021 102.228 722.245 1575.23 79.7352 424.311 
437.848 134.441 254.787 283.895 118.501 90.7502 147.98 4997.37 
409.948 90.4669 41.0067 35.7569 1618.19 103.363 0 0 
46.1262 32.0541 45.4644 43.2575 728.781 65.1024 0 0 
122.782 178.134 133.021 108.505 1513.61 1200.87 56.9801 20.2156 
1301.59 703.883 102.951 49.6233 66.4357 106.264 71.1908 4577.98 
185.78 64.6786 52.6631 51.1974 58.3045 87.0678 160.077 107.186 
149.249 110.288 73.9376 66.9919 366.233 547.445 157.329 3337.2 
282.838 37.8117 70.035 147.12 197.832 225.026 84.8247 167.901 
264.328 197.948 159.87 199.037 86.5673 65.7878 81.4471 655.679 
415.126 61.3592 53.8011 83.1868 715.199 1253.54 2117.36 101.179 
457.279 91.2227 56.4527 39.9778 52.1207 128.371 136.787 153.144 
462.284 35.7451 22.4788 39.9704 27.7274 7.86473 3650.15 42.5568 
748.732 96.1458 117.112 88.9031 61.6286 43.1982 37.5353 186.314 
580.026 65.4988 33.3203 93.1835 181.942 108.422 51.1505 29.6381 
494.126 71.3867 160.295 458.241 408.198 274.138 252.19 3568.42 
637.9 95.9815 62.9262 81.875 49.0448 2471.43 23.4276 13.947 
726.134 322.352 307.86 269.033 153.264 146.839 122.232 122.157 
113.046 4.60511 0 98.8185 2769.43 0 0 0 
447.778 62.2993 121.731 428.512 336.412 681.945 818.118 4276.01 
529.101 78.8145 39.019 294.712 1214.58 1186.25 0 0 
709.873 194.864 58.2362 63.3422 144.766 238.976 471.723 4978.66 
626.988 86.2792 47.2016 45.3682 1612.14 61.4439 0 0 
1012.98 599.693 223.415 82.4739 84.8992 3884.01 92.5229 101.01 
1126.71 779.514 707.326 501.258 126.844 160.086 330.607 232.11 
548.547 229.984 84.6434 68.1531 42.0921 2352.46 126.719 47.3631 
562.966 161.935 145.982 183.675 361.334 106.89 48.3163 14.0056 
21.4707 128.143 164.752 106.44 277.944 118.484 0 0 
741.552 145.692 47.4838 32.5036 20.8149 1934.84 1501.07 156.824 
726.278 1367.92 179.804 140.058 222.116 149.221 114.833 208.372 
170.635 176.352 41.9259 637.901 758.896 698.042 11.073 43.6205 
923.743 100.746 34.3431 2925.6 3150.95 28.2326 19.5695 38.61 
385.718 607.142 92.9615 86.5707 81.5574 68.0054 110.173 168.188 
426.728 405 90.8725 89.0287 135.865 19.9194 71.2982 3966.5 
610.858 77.7583 26.9107 27.0747 70.3815 362.062 844.895 57.2249 
504.814 15.4386 16.649 4468.25 97.5632 36.5472 34.145 135.336 
379.201 315.33 165.041 510.509 815.432 797.616 148.954 95.7152 
332.997 224.072 108.048 99.3183 3684.94 2521.77 348.38 341.183 
395.753 72.4654 42.6125 47.6386 58.5044 82.12 109.91 333.41 
659.58 376.041 96.5502 64.3183 264.425 482.485 2845.14 5334.08 
714.406 64.037 159.394 304.591 65.8156 51.4174 47.1263 19.2123 
1738.81 80.1681 67.8687 85.1525 97.6038 949.98 1779.94 41.4079 
363.657 225.158 49.5793 195.589 754.242 540.592 0 0 
592.86 100.103 188.341 1080.57 1458.57 401.935 426.832 1048.45 
3446.17 31.3672 58.5378 193.426 101.844 165.987 153.997 162.826 
411.992 105.634 68.4478 1085.87 11.1469 22.4506 77.2859 0 
82.2349 33.8592 36.9733 35.8005 22.4065 647.069 1153.26 0 
291.425 241.775 64.532 36.8038 24.861 1576.67 30.5661 88.9953 
196.948 156.664 212.001 128.22 35.1471 51.7011 108.288 11.4745 
81.3229 165.072 65.038 67.6262 29.3513 17.8754 2605.38 974.64 
94.387 59.1766 89.6403 501.892 50.135 223.464 0 0 
466.654 71.0595 382.821 540.61 436.828 36.1348 20.7157 250.224 
831.287 163.083 59.0928 1592.98 1792 54.0653 75.6324 79.5418 
216.946 444.48 1645.07 952.605 751.902 149.891 89.1148 28.0827 
2445.8 179.801 72.1351 53.629 54.1326 54.7597 99.8573 347.379 
377.697 100.279 53.9025 54.8855 790.853 671.096 0 0 
290.526 138.411 95.4421 33.9367 4010.53 29.3482 32.2594 48.7819 
293.759 359.757 379.722 79.7287 12.87 0 0 0 
471.709 136.585 90.2747 135.954 211.263 125.332 42.3113 62.2084 
525.016 228.079 113.282 111.383 134.366 162.988 136.221 35.7604 
350.518 85.0369 54.8728 43.5585 41.8625 54.2042 64.1978 48.5463 
601.418 214.3 113.501 115.7 281.773 1383.88 163.527 268.31 
246.432 195.547 115.216 87.8653 91.6151 82.4667 48.1565 9122.23 
500.838 87.5033 64.6372 74.5698 128.959 192.706 88.3724 29.8359 
497.476 209.053 76.0071 304.495 802.714 183.124 59.7992 167.06 
470.158 295.104 256.482 394.213 588.442 373.068 268.513 222.018 
597.829 161.765 193.502 146.71 133.762 137.664 136.831 708.097 
134.01 89.9778 122.9 148.015 133.448 70.6382 32.0936 0 
137.108 287.241 728.034 397.068 343.889 57.9301 88.8362 144.125 
368.763 88.7163 50.3133 35.4405 38.9286 39.1058 1757.87 2073.12 
2443.3 54.58 41.5673 71.6221 1646.53 26.9906 27.2109 0 
255.984 164.216 70.3507 551.143 591.139 61.5236 1059.29 1612.47 
414.817 105.648 50.8195 40.9162 978.429 1364.04 1373.08 20.0245 
157.117 158.78 78.02 111.202 187.923 127.552 79.7848 84.9506 
314.31 336.439 308.524 194.219 250.116 618.501 92.8114 43.4225 
110.547 48.2352 44.2559 109.639 154.573 75.0424 0 0 
61.1961 41.6884 15.6128 17.4978 18.9036 4239.43 0 0 
513.743 155.43 42.8004 23.845 31.8511 3099.89 21.5781 0 
905.849 155.151 768.489 54.1634 1229.51 6.34921 0 0 
389.129 280.776 156.921 74.7568 138.086 281.486 148.074 154.379 
120.218 112.782 77.4427 59.9398 48.3958 55.2618 82.4676 87.9593 
231.067 123.466 67.6292 816.502 1020.15 169.303 150.329 109.874 
17.8465 44.5259 276.959 139.038 120.646 9.09091 0 0 
17.9319 37.5998 89.141 154.808 171.736 96.8602 40.8851 4.57875 
520.518 143.571 83.0633 77.5071 76.5832 94.5467 129.119 418.505 
155.064 48.9581 54.3213 85.3219 112.905 126.307 161.721 6236.6 
143.035 107.381 43.2974 64.6557 115.322 246.594 147.6 0 
0 106.953 80.4501 92.7295 165.101 133.718 31.355 4.98536 
8.81834 189.709 184.036 93.3454 78.4818 146.333 446.948 344.05 
393.617 64.4523 102.824 131.177 140.686 71.6341 20.5925 15.6142 
65.652 207.392 221.357 208.437 227.802 6.90608 0 0 
207.268 120.256 288.408 615.844 512.296 56.6461 11.6791 12.5313 
159.12 119.736 34.5233 49.0153 118.211 191.33 88.4939 10.6144 
772.211 113.255 127.343 110.612 113.708 46.8421 19.5318 9.37672 
279.699 487.849 885.696 923.768 13.9881 4.15196 5.31915 0 
472.383 314.494 128.391 1729.48 2052.07 2329.11 1329.65 523.598 
105.519 81.3544 97.4635 156.417 169.686 150.632 118.069 72.3504 
100.476 121.862 128.103 210.01 319.043 697.584 683.951 41.1327 
633.199 476.642 220.83 293.634 382.432 246.817 259.031 0 
37.3599 113.024 402.323 531.107 531.462 497.762 743.145 1079.61 
383.804 190.642 134.331 178.918 523.897 911.894 581.955 144.742 
117.967 124.718 96.0023 76.6138 86.6684 279.395 310.018 60.8405 
1002.42 967.827 20.6415 19.572 46.9661 68.6802 118.979 114.18 
565.749 76.3251 240.894 346.443 123.09 211.524 399.446 462.852 
108.495 66.1227 61.2551 86.0938 99.1441 82.4065 46.4954 13.7741 
97.4231 85.4178 813.59 293.852 719.453 99.6166 45.1528 24.2758 
282.784 112.65 75.7414 149.047 149.814 199.321 223.732 792.591 
254.132 104.007 975.307 1223.33 33.0398 17.8801 26.9184 229.19 
33.9415 190.175 86.1651 100.264 126.539 98.5143 64.0901 220.888 
1734.72 107.002 73.4608 72.7414 101.741 118.802 131.787 86.6885 
120.276 255.245 141.169 55.5483 29.7683 8101.5 6.22471 0 
42.244 121.299 68.0036 61.8945 80.7141 84.0823 110.885 48.0989 
547.75 279.526 221.754 227.596 683.07 1007.44 290.566 7441.35 
95.9153 64.1136 27.1714 27.0859 21.6026 17.4018 12.3096 2536.4 
139.114 553.583 177.435 175.849 334.122 174.644 21.1428 0 
23.596 70.1169 84.4029 88.8994 94.5937 73.4754 89.7502 52.5279 
251.195 984.051 863.556 288.253 204.034 50.8452 0 0 
226.528 116.528 68.4796 85.7444 65.8889 72.2304 66.4739 40.4083 
215.743 237.622 402.356 248.042 194.523 304.185 396.321 778.322 
31.4908 38.1409 42.1053 172.702 217.161 263.124 88.0186 31.8155 
80.805 115.522 160.249 126.767 119.94 75.5734 44.7227 107.893 
170.856 85.9715 107.539 125.186 227.085 157.516 33.7894 163.704 
230.456 401.807 250.713 150.669 194.709 230.984 173.476 89.1655 
169.244 104.169 225.327 133.758 72.351 74.7688 100.04 75.2879 
157.337 149.28 95.9591 83.4496 174.155 91.0258 29.6607 29.6961 
226.2 187.607 190.651 258.546 194.764 7.07772 6.04641 11.3379 
18.315 50.9295 58.5663 86.4559 81.2148 44.0824 21.7956 6718.49 
147.862 133.685 55.2426 233.067 395.154 369.942 225.878 221.929 
4906.89 111.649 117.797 92.3455 90.6352 283.295 135.042 19.3827 
261.038 372.967 322.822 254.329 145.236 173.929 379.942 601.325 
70.9774 131.94 96.161 40.4257 20.33 36.3741 103.651 307.934 
281.253 161.994 131.301 92.5622 148.392 314.685 393.27 38.3615 
563.443 415.4 201.871 142.445 104.075 171.126 101.245 7.98297 
315.19 313.518 185.618 465.909 89.927 348.39 418.907 63.2212 
23.8095 468.752 173.256 131.573 396.214 350.535 224.741 115.288 
122.156 91.8715 103.09 126.069 121.344 69.533 26.9155 10.7726 
863.322 243.594 84.6053 50.5722 45.6048 77.2779 110.21 138.369 
129.74 147.759 251.09 143.848 154.868 217.079 335.709 119.908 
365.435 331.133 375.728 291.349 120.932 164.321 246.653 28.6207 
468.762 66.6726 71.352 822.025 806.432 93.8494 108.881 107.281 
836.831 166.601 101.11 91.887 95.9505 49.0938 30.4138 154.724 
81.9412 81.489 76.7558 65.0998 51.3174 33.4596 41.8658 159.343 
91.3652 476.877 420.711 197.415 132.462 142.054 212.723 436.132 
203.102 89.5792 211.046 534.672 494.962 325.596 68.8309 10.0891 
619.246 259.302 85.9596 103.809 167.204 121.098 39.1093 45.7377 
2302.19 100.28 259.022 370.14 130.482 51.7807 49.5556 15.9865 
186.677 96.2029 79.4891 75.3585 77.6337 74.9977 57.1563 24.1126 
118.488 113.38 109.447 121.953 114.094 71.341 153.825 180.091 
353.708 134.358 118.468 160.864 249.673 196.479 107.875 0 
69.2991 40.5194 41.052 57.3879 68.754 79.5164 51.8131 5.58659 
170.216 152.456 474.25 484.421 497.855 984.194 113.916 0 
907.193 259.282 144.858 183.583 163.892 174.166 233.123 111.58 
346.461 56.6211 33.0306 73.5562 406.112 694.205 956.303 965.866 
274.251 187.87 264.637 135.691 192.755 256.668 202.041 214.443 
130.834 91.0076 56.7692 52.7187 63.664 698.048 1915.18 659.456 
104.597 451.756 850.968 248.953 308.324 484.115 1319.11 569.611 
123.273 107.378 96.501 96.3757 369.123 364.106 599.857 240.3 
349.48 341.639 184.049 28.7745 142.429 100.332 85.0633 6048.03 
282.215 93.5863 42.5654 24.9658 15.3146 10.8546 7.55455 8737.08 
450.925 460.338 525.851 292.526 217.131 221.915 314.912 440.546 
466.159 130.002 232.607 469.372 278.978 136.296 23.4015 7.93651 
155.4 84.1704 40.2379 45.0875 122.479 709.414 303.512 14.8023 
372.668 128.391 56.6967 56.5076 117.585 184.457 120.454 25.2303 
298.528 314.848 377.162 167.937 106.673 92.8137 138.391 99.3491 
951.827 390.446 410.807 358.55 128.286 152.841 144.221 6.80504 
1585.15 95.8768 108.242 109.237 102.292 83.0933 82.3913 167.806 
119.688 103.067 84.2143 113.559 105.393 100.065 379.024 843.324 
97.737 89.4737 77.7406 51.1154 40.0708 35.6779 60.3503 8163.09 
222.141 173.777 79.7847 60.6384 260.415 492.654 2093.69 2271.67 
575.932 91.7112 267.37 155.846 894.299 970.707 881.424 28.667 
84.2912 75.8522 208.339 233.959 330.489 171.039 51.5163 22.9116 
254.392 489.546 430.448 338.565 143.925 163.05 330.077 71.4286 
310.228 382.644 258.954 370.234 193.396 406.019 731.636 0 
605.654 117.657 58.9957 134.823 245.154 254.845 83.9378 8.22639 
772.294 758.33 271.074 287.139 112.049 691.316 1789.11 2018.18 
377.768 174.439 174.607 252.817 407.659 197.194 454.848 801.211 
912.679 873.931 729.157 470.39 380.712 401.633 349.644 4181.77 
422.524 248.598 227.711 232.22 231.287 367.141 576.084 610.94 
950.556 488.266 435.234 324.469 533.924 361.734 373.146 2653.64 
809.17 330.086 170.287 116.767 77.3833 120.078 151.362 681.247 
275.116 312.102 381.552 297.788 292.986 303.157 467.235 864.178 
738.564 409.14 353.563 642.176 993.97 567.106 962.266 1338.4 
843.609 515.243 435.109 320.878 260.756 417.472 800.744 586.858 
1242.24 350.534 455.084 541.514 251.622 86.1535 66.6807 40.6536 
3275.72 244.191 132.912 276.078 140.647 155.628 1207.07 1472.26 
325.422 398.582 359.604 205.08 147.06 307.075 265.871 204.987 
342.13 157.188 224.564 231.198 214.654 313.847 471.207 705.431 
822.977 317.863 345.821 139.271 55.4747 151.52 252.742 179.165 
316.12 353.167 151.757 137.122 193.908 75.9451 37.3808 134.533 
891.538 213.17 183.689 204.293 86.8573 72.7624 162.324 92.9941 
830.938 712.13 320.568 105.293 112.823 39.5648 21.4085 7913.79 
40.7465 227.566 197.317 163.528 254.313 171.239 197.688 676.46 
1333.09 624.339 203.052 266.926 244.572 47.9141 490.44 6937.27 
1021.42 410.066 406.93 775.568 643.262 116.676 86.052 49.0918 
573.622 395.001 316.108 396.474 252.062 167.148 119.026 117.711 
86.0246 340.719 692.175 592.657 411.544 78.5815 246.942 405.164 
760.831 645.19 403.233 291.114 224.421 139.896 473.087 1795.78 
316.384 809.063 263.364 248.126 697.191 825.998 417.995 397.784 
215.726 203.276 140.412 94.6148 70.1862 50.1328 168.922 6968.37 
985.699 510.254 416.542 452.793 589.4 321.241 528.412 0 
335.208 173.302 234.345 137.902 87.7656 90.1331 116.106 340.483 
661.864 500.708 476.256 383.555 141.998 73.5986 46.8675 0 
567.766 280.821 301.569 100.776 110.578 118.636 282.066 579.93 
1209.88 127.797 326.339 479.541 147.713 141.637 170.547 417.026 
635.56 363.17 381.984 277.235 516.862 509.992 268.271 639.71 
1631.99 952.758 1156.42 975.023 41.1026 431.548 418.246 6415.9 
642.444 444.378 266.422 312.907 177.564 208.588 347.221 4365.31 
2829.55 226.744 140.022 69.1897 29.8333 58.1843 27.7094 45.7443 
414.797 429.579 479.79 199.347 565.111 574.25 540.074 35.2694 
851.631 218.358 200.363 151.959 117.565 227.222 336.267 1281.43 
416.239 306.851 234.184 176.334 90.4981 559.724 638.723 201.209 
488.689 385.199 326.653 94.0928 67.0491 463.283 948.667 2229.99 
619.362 301.007 127.987 122.849 81.8551 165.39 466.925 789.654 
391.793 96.471 121.09 139.86 155.331 218.25 244.581 854.731 
390.939 347.045 229.968 174.697 252.065 292.632 435.152 202.907 
344.041 264.58 173.042 204.22 272.8 249.875 367.425 957.159 
466.079 168.756 98.7526 95.2591 93.6349 118.69 131.151 726.043 
716.15 337.559 386.392 362.709 109.199 69.8812 7.0028 0 
996.331 301.081 217.398 67.3181 17.2716 28.4628 56.7123 1710.8 
529.122 312.828 219.894 146.005 211.785 294.175 393.625 1843.65 
186.015 111.595 111.692 69.8898 59.0971 67.1574 39.645 191.315 
404.144 452.732 352.043 159.264 125.865 237.679 774.075 166.338 
179.022 265.035 179.506 86.9212 208.408 181.942 233.233 1341.75 
876.731 290.363 140.205 62.5154 78.4256 78.0067 208.721 3290.47 
716.572 354.242 227.937 191.214 223.654 160.563 131.036 4777.41 
1306.48 444.475 296.855 128.992 74.7551 191.665 80.3993 204.774 
1203.98 443.551 125.992 134.506 137.102 175.818 166.579 60.6909 
341.202 333.378 271.877 376.121 474.72 192.453 0 0 
1663.09 88.947 171.341 117.622 165.714 218.014 203.796 4476.49 
6651.17 89.7079 447.258 616.692 522.838 603.418 945.371 739.918 
156.702 270.492 327.466 290.412 287.261 145.166 128.602 4351.95 
3849.15 1367.02 1639.31 1147.06 1110.01 1793.82 1601.48 2471.42 
406.024 275.571 569.146 417.368 287.919 84.8473 25.6819 2266.21 
9.37603 159.933 267.828 180.728 163.024 302.62 282.309 3118.66 
1248.34 551.049 456.14 409.299 745.392 1745.03 72.7676 345.314 
10.9369 395.255 356.202 107.92 20.4774 117.008 232.993 209.096 
988.105 543.243 469.219 392.801 389.81 389.263 354.619 265.965 
860.82 513.518 289.57 228.903 345.499 226.81 291.571 714.107 
549.795 235.33 261.526 259.248 223.68 295.773 71.0657 2383.02 
1071.27 562.099 465.424 428.146 293.398 295.355 390.354 388.915 
509.824 414.802 314.844 254.577 221.688 121.346 275.004 3303.64 
1316.98 483.616 450.678 141.583 141.652 259.556 159.093 409.669 
1238.33 537.82 419.942 182.191 362.21 783.877 1120.26 984.375 
223.418 182.444 135.363 114.67 99.1081 34.9615 30.8445 680.022 
918.731 288.589 217.107 50.4933 62.3697 158.095 71.4011 1854.34 
683.914 447.785 481.633 374.715 779.05 857.378 170.277 1194.29 
355.57 133.953 241.77 328.06 232.657 140.135 208.639 716.315 
698.019 711.67 410.624 176.234 20.6549 33.2129 33.5133 382.298 
752.892 411.108 237.917 247.071 214.339 139.374 113.28 731.31 
614.386 402.598 378.295 152.29 164.782 237.558 421.905 1442.88 
203.413 299.507 254.715 149.584 139.499 114.117 176.516 1912.13 
787.24 289.165 131.254 192.988 278.578 106.075 120.837 274.756 
631.594 563.533 146.456 71.8565 285.228 574.639 985.161 1281.63 
314.076 264.75 169.911 131.172 46.3075 48.5529 142.942 519.569 
940.485 497.027 454.237 525.977 672.975 860.248 809.692 1526.83 
423.369 600.479 310.179 162.137 139.955 166.54 901.414 190.096 
1526.21 750.727 639.31 535.326 581.314 615.671 469.133 289.728 
183.793 450.753 265.794 191.876 75.7663 125.235 118.619 211.954 
631.541 260.267 160.846 212.406 242.017 183.536 371.531 818.465 
303.565 323.298 293.997 129.728 128.952 218.372 273.768 255.744 
561.943 427.487 284.914 270.781 150.4 70.8737 86.3323 487.275 
4982.02 938.526 222.162 266.496 7550.72 33.9697 84.1655 668.75 
493.605 41.1265 999.246 662.3 415.857 458.042 412.147 506.308 
67.3462 166.203 165.27 323.193 515.392 75.018 13.8198 8.84564 
407.674 271.926 263.959 193.889 512.493 751.351 213.576 1127.86 
242.029 85.4426 15.227 15.082 1606.64 37.6908 63.8876 236.95 
391.725 59.0544 2289.45 1441.3 699.55 440.238 625.91 666.603 
96.0942 115.623 62.141 26.4127 2763.07 2311.54 51.6084 83.7891 
1160.35 240.719 75.2499 3540.74 3662.77 40.3518 151.24 378.565 
284.163 212.246 1540.02 2367.12 865.398 504.905 723.116 816.7 
1124.92 185.956 213.135 215.128 755.451 189.015 302.876 758.058 
1505.37 839.996 1211.87 927.834 394.303 428.948 368.51 582.769 
181.802 80.8181 151.851 423.891 622.768 200.097 128.396 339.779 
113.965 47.3702 108.557 308.303 186.807 322.404 166.696 757.361 
217.051 299.08 136.712 897.779 767.87 407.152 195.723 583.878 
541.876 156.489 136.348 107.652 500.829 782.334 389.243 2574.78 
101.776 63.8098 37.9883 44.7217 56.5753 3865 258.145 316.141 
263.461 782.257 57.7736 627.734 547.317 303.718 119.517 677.664 
802.66 410.282 548.806 70.985 209.327 86.8163 290.548 845.11 
611.718 193.958 391.861 275.95 6057.71 4869.99 561.119 873.55 
346.586 342.846 315.674 754.71 42.9988 2892.58 139.873 239.158 
23.6284 402.058 256.473 210.426 168.901 160.608 131.639 135.659 
415.407 148.122 613.569 443.154 194.078 683.345 847.337 859.252 
418.187 148.299 214.935 300.225 316.877 745.643 754.596 466.913 
268.225 661.392 1009.65 193.286 93.8706 80.1353 324.499 410.35 
132.817 58.1454 47.7517 18.8413 55.8573 54.2846 687.62 105.6 
1618.88 336.591 177.075 420.04 473.367 3645.49 1223.44 59.7514 
411.451 262.36 766.583 873.226 178.992 97.9145 122.538 428.49 
0 104.875 128.801 148.02 79.7573 2209.7 88.7402 69.4981 
423.306 256.578 240.16 142.589 167.417 181.108 160.276 658.678 
83.8782 181.836 134.453 100.019 1791.2 1329.57 429.271 313.716 
218.024 165.096 320.275 262.513 168.517 424.465 296.033 1623.36 
527.886 300.444 265.514 295.642 2225.21 282.399 271.582 569.557 
166.414 177.649 290.11 674.507 1055.81 542.6 82.5964 1515.33 
189.06 103.967 209.25 222.351 73.0188 1089.06 887.64 485.738 
1116.85 238.044 219.255 220.372 187.746 348.557 1124.11 1766.17 
58.5349 145.548 344.611 4273.49 831.886 171.465 338.146 183.846 
773.057 211.5 179.978 97.5085 175.864 1069.51 944.155 355.24 
29.6508 67.7678 134.49 102.209 62.4428 78.3273 253.61 677.729 
185.603 229.439 207.485 203.694 659.298 729.761 151.032 126.797 
187.37 164.014 106.634 33.7367 3541.59 1700.61 61.1865 196.373 
23.9015 263.494 206.381 1191.15 394.143 322.941 395.797 2695.13 
390.025 346.048 289.353 154.222 2611.83 2632.21 116.805 351.488 
155.746 623.68 324.883 248.684 1957.36 1472.25 138.246 665.978 
407.391 751.316 229.507 122.945 6133.77 126.498 132.645 270.874 
20.7117 318.204 114.141 60.8498 37.1499 552.436 1266.79 873.22 
1485.54 1237.95 323.089 354.171 814.006 1711.38 116.279 0 
812.704 275.457 143.763 138.703 317.861 494.865 895.291 1329.18 
794.629 367.007 469.307 231.27 109.73 170.261 243.455 402.039 
134.607 68.2956 275.061 359.482 401.632 136.898 32.8407 64.7249 
194.418 173.61 130.066 101.864 143.848 2388.35 3337.13 135.171 
102.872 70.5902 30.9303 37.7937 716.546 998.197 30.8801 98.4812 
240.03 125.488 344.454 178.678 2705.65 3298.17 140.621 557.348 
249.87 352.397 417.157 213.745 134.744 66.9684 1134.1 434.537 
57.5397 82.1942 77.5448 22.3057 1661.06 686.839 953.109 159.613 
0 1682.56 1341.54 801.57 581.955 463.691 460.262 528.222 
1068.99 942.322 1498.26 492.762 1135.02 318.261 356.312 8909.99 
189.448 620.615 446.763 209.471 436.017 4203.46 240.778 127.075 
530.969 250.496 313.988 306.623 243.385 116.869 184.826 298.331 
109.509 226.659 212.203 199.06 1220.21 2028.81 162.65 382.581 
171.207 149.678 101.285 527.8 1679.58 158.423 39.3217 170.588 
368.515 280.559 183.718 940.893 346.063 823.133 1716.63 775.916 
342.03 396.257 700.678 2853.2 3580.25 108.053 178.84 673.042 
2362.29 433.777 1426.61 4237.89 2484.63 572.44 836.368 53.1732 
126.69 190.438 129.516 199.786 139.77 721.271 1937.05 808.662 
97.7027 1735.06 852.363 337.701 172.753 128.779 126.55 112.763 
816.956 378.015 391.093 103.905 714.225 2136.06 144.839 1028.9 
940.692 199.243 311.356 287.892 820.546 751.376 353.029 968.589 
2707.45 826.054 67.2259 204.753 197.876 416.489 197.23 305.989 
237.678 579.152 109.074 5549.34 122.763 108.129 304.219 243.149 
151.404 153.887 150.562 4054.27 5755.56 44.9564 122.423 339.75 
230.623 314.448 499.023 460.651 46.6585 65.5637 115.015 434.759 
76.1283 108.744 84.24 722.792 1158.9 165.279 106.824 113.29 
77.4252 798.093 266.424 1865.81 2197.2 56.8489 157.225 38.8727 
2621.04 224.005 176.935 179.769 403.648 233.184 2641.59 655.309 
1648.89 454.368 365.841 299.313 3165.61 288.475 280.186 714.255 
199.198 420.147 221.985 113.841 84.4715 96.9178 57.6938 45.3126 
205.308 108.327 114.858 759.707 1687.96 191.795 181.838 300.918 
847.569 311.741 130.174 133.634 766.229 649.897 505.118 329.828 
168.103 173.957 2218.8 3479.45 28.1818 13.7509 17.7999 658.183 
535.542 337.963 1154.8 1731.04 106.948 142.889 95.4034 466.891 
566.86 442.955 1044.08 1595.46 410.952 111.499 180.523 1084.13 
127.017 119.162 112.946 191.073 229.336 3436.29 117.873 719.187 
1223.47 491.492 134.976 98.4878 2684.59 2681.4 202.923 250.375 
10.7009 127.537 42.7639 19.3592 410.673 428.828 313.726 174.743 
385.476 68.0117 577.43 866.019 953.53 10.5216 103.113 261.222 
422.832 246.942 232.791 336.205 177.448 408.203 660.787 606.169 
646.31 331.152 1583.74 1442.35 71.361 84.3132 205.533 593.116 
260.726 83.1568 118.366 148.067 1160.98 35.4424 21.3548 6.89655 
291.638 180.996 216.367 247.899 215.625 531.443 503.755 243.26 
54.2808 70.2703 20.5888 15.0765 1185.77 1001.4 33.1675 70.4462 
408.06 164.081 173.577 1623.47 4238.47 97.1757 99.079 593.883 
582.296 356.988 615.126 758.797 101.342 87.2467 98.0974 489.163 
129.406 57.8475 72.8223 134.501 106.832 37.2671 10.8003 13.741 
220.445 95.5729 55.2033 59.42 81.2087 87.5918 173.682 582.639 
285.453 99.1313 71.0856 58.668 51.4763 63.7005 84.2844 228.303 
335.185 115.078 114.039 115.122 107.299 79.3091 93.1308 3171.25 
200.666 135.468 48.1468 66.1127 89.8437 51.5974 68.5316 67.3717 
66.8211 79.3499 85.8382 105.237 117.1 107.543 70.7491 5722.86 
119.502 65.75 69.9779 106.298 105.944 84.5082 51.6409 43.169 
305.899 277.932 93.0956 137.229 164.065 83.0122 0 0 
1902.7 66.9938 64.2851 67.679 95.1488 238.933 114.975 6216.36 
221.491 118.545 140.034 109.989 85.4469 95.9613 67.7433 542.173 
65.6298 80.2727 64.6472 62.2355 75.3779 64.0905 45.3596 26.3343 
508.423 180.574 145.939 129.686 139.68 149.371 157.573 1756.48 
377.56 158.8 190.807 177.564 86.2224 61.8539 66.5712 2467.01 
322.72 131.12 85.7803 68.849 79.4388 87.636 85.2168 87.175 
193.414 138.154 77.8713 76.2252 73.2988 87.0378 85.221 115.575 
267.966 194.582 204.615 125.349 112.456 130.373 129.518 288.842 
38.5356 151.385 180.623 127.009 68.5403 55.051 72.9914 1376.86 
1438.26 120.96 112.184 116.942 53.3051 472.317 1267.12 352.1 
377.051 403.918 240.103 149.311 100.907 91.5967 89.7769 118.925 
509.099 352.002 257.986 213.155 226.332 247.518 203.602 3032.64 
3466.63 75.722 91.0143 70.3093 80.8417 80.7543 80.9809 91.795 
158.702 65.143 96.3321 100.068 48.5789 76.5581 81.3184 40.498 
293.797 140.02 86.6584 123.46 107.628 125.069 184.758 2394.78 
195.954 172.464 99.2286 76.6906 67.2518 65.8049 66.8729 156.948 
693.338 144.137 250.39 94.5832 85.0513 82.4016 79.6186 479.005 
415.755 136.568 107.272 111.288 167.656 193.367 303.117 5311.47 
897.043 334.643 110.049 60.3136 46.4558 75.7326 49.1152 341.752 
130.449 134.655 69.9413 53.1039 62.4435 93.0293 162.738 246.85 
144.378 219.538 136.393 128.504 71.444 31.3802 39.3913 1441.9 
662.912 98.3223 60.4729 68.7061 68.5991 77.3501 82.8918 473.959 
517.978 173.384 227.385 75.3635 86.2402 94.4324 62.9898 16.8002 
107.803 133.081 98.3628 120.994 135.743 72.696 37.5525 6782.5 
285.631 55.8402 50.6183 55.0459 53.6212 79.7652 169.857 58.9408 
39.8117 165.256 136.445 94.2065 127.347 110.472 72.7761 49.8585 
320.027 166.01 47.4026 67.6906 44.7145 33.5664 36.8798 723.744 
4680.13 413.292 347.528 106.221 123.239 209.811 96.4081 479.955 
296.981 54.607 48.3896 50.3261 53.6176 59.2152 66.667 546.306 
294.173 251.781 212.337 154.519 160.395 161.293 221.97 340.201 
157.54 84.7402 88.6731 108.596 104.813 105.681 86.1959 59.4238 
322.433 150.223 130.725 147.324 152.738 103.989 97.7062 1496.06 
98.2722 74.8444 72.3861 84.5879 77.4707 62.4389 176.203 266.831 
179.676 178.234 280.641 35.3315 36.3462 92.9929 64.1166 6.82361 
353.893 226.649 218.08 175.317 161.782 148.699 80.6078 177.212 
98.703 97.4352 94.1288 58.0402 57.8255 74.8106 87.8629 91.6773 
140.756 169.291 116.403 134.551 114.33 141.596 101.647 895.939 
84.0851 75.8762 100.325 66.3482 59.5236 47.3114 4034.31 164.057 
215.376 101.239 93.1256 43.81 135.201 173.195 0 50.8906 
356.881 283.583 202.786 124.008 68.1923 30.9334 8.2751 133.252 
121.169 61.0559 71.7342 66.9391 113.995 108.928 105.729 53.595 
461.029 246.509 221.713 183.975 106.262 89.5159 90.0104 786.941 
130.097 72.862 129.122 130.58 89.6718 67.2343 19.4932 74.6269 
3627.97 245.8 323.986 130.06 188.907 61.7841 58.5478 346.109 
166.045 116.38 101.196 107.854 74.5517 66.3978 69.7886 321.216 
623.365 268.47 108.883 70.6569 95.1714 123.77 127.096 148.163 
309.646 189.624 129.36 88.7882 99.0353 98.5493 95.8781 182.283 
474.227 55.1585 33.1995 68.425 1410.64 833.849 448.385 148.341 
134.672 102.125 71.835 73.5189 57.5705 39.2881 48.5395 198.074 
650.453 409.595 181.483 123.974 130.213 155.597 178.614 3100.14 
736.167 162.593 94.8892 97.4773 116.461 93.0247 37.0045 662.685 
87.7999 53.4063 81.1348 88.9546 118.709 149.983 21.9134 374.094 
1159.44 70.1926 344.724 1317.32 673.765 360.921 184.533 253.809 
102.458 74.2046 77.1157 71.1655 84.2011 106.443 93.8697 57.0157 
715.831 82.1059 108.604 329.348 306.651 189.504 151.638 220.604 
307.09 134.588 123.367 38.5926 62.6434 65.9042 175.177 66.4803 
1067.05 278.162 256.308 334.995 448.526 513.167 259.704 1358.27 
387.336 238.277 140.484 160.086 143.687 160.504 142.877 17.6523 
719.222 493.454 305.67 224.327 246.699 323.216 372.606 3444.54 
274.927 65.8502 65.6485 73.7834 95.111 94.6869 98.6286 82.8319 
320.445 120.101 107.734 96.708 74.1168 75.9372 82.8586 324.282 
383.417 130.82 92.3651 92.266 91.2627 94.9087 53.5983 52.6167 
438.486 186.81 128.892 216.292 71.48 70.4354 95.5678 286.039 
65.388 151.802 144.771 105.095 84.0318 97.8692 125.474 1975 
636.313 228.172 59.8738 65.6625 66.5182 207.591 1511.89 289.026 
579.102 212.236 273.16 168.733 205.42 256.923 402.679 1130.44 
436.092 213.043 144.773 96.2898 60.5492 73.4507 39.9882 157.777 
1130.98 265.328 83.5833 59.8594 67.04 38.8028 125.432 43.7985 
57.971 158.811 183.295 136.262 89.291 98.173 282.338 565.237 
508.896 212.15 151.936 122.44 183.028 181.222 221.434 708.145 
186.04 167.197 213.671 101.181 47.8821 219.046 384.669 7849.16 
573.892 157.351 115.096 67.1081 57.7214 45.145 66.7724 918.809 
213.295 167.632 156.568 118.573 107.863 43.5002 44.9524 42.6403 
1615.73 407.585 227.481 117.849 100.45 74.7398 60.6036 3551.89 
195.871 126.206 86.0348 78.275 74.6357 74.5368 72.4381 897.494 
1325.72 559.139 163.88 137.047 98.6742 136.807 132.572 245.058 
427.049 66.9647 61.2697 67.1073 73.1916 81.4861 92.7306 1365.63 
483.11 90.9662 65.6553 84.8268 82.6706 79.1702 112.814 2089.26 
400.053 133.41 41.113 39.1658 43.1406 52.2786 68.7866 240.674 
56.6474 129.547 115.723 105.905 70.512 83.1714 80.8693 47.0588 
248.198 251.633 91.835 62.428 63.7461 88.3164 121.947 261.881 
589.379 124.243 97.2844 157.809 104.903 159.393 141.704 7134.7 
2204.28 86.7575 122.852 389.654 158.569 46.1092 78.7887 4718.48 
132.832 39.1926 110.473 527.695 321.194 133.54 119.458 7853.2 
2921.78 503.226 119.86 32.228 50.6458 79.4439 164.472 624.292 
418.827 95.384 240.307 344.41 144.215 108.917 114.33 1763.84 
117.582 210.995 478.526 314.776 183.788 50.2928 149.316 7794.92 
455.445 496.84 257.298 370.257 466.624 1502.45 861.761 3934.87 
747.548 230.408 90.9464 139.039 391.371 203.204 1041.72 7505.43 
411.747 215.204 197.233 227.448 193.315 184.865 197.815 101.482 
871.82 311.248 237.657 262.194 106.433 375.803 563.256 941.346 
1212.17 538.243 693.193 179.976 162.434 322.918 290.164 1263.58 
824.635 463.637 261.52 206.905 161.913 171.455 207.693 1789.09 
547.649 1109.21 831.021 768.965 1058.41 314.529 0 9166.15 
176.575 117.961 60.2996 89.8549 304.643 297.491 949.223 855.537 
34.9363 149.604 514.017 252.452 256.338 361.637 1186.7 55.5556 
199.551 120.969 81.0307 70.7355 71.8252 104.516 59.4887 517.845 
686.212 520.492 276.045 142.117 224.81 505.354 218.857 750.577 
436.856 159.261 104.557 100.266 98.9075 215.226 218.264 639.593 
414.634 273.601 289.742 66.4542 497.592 667.844 763.013 908.393 
1896.52 450.508 546.561 676.163 45.5487 0 0 0 
1251.16 814.302 485.412 486.204 431.957 392.06 343.311 2189.3 
629.36 203.49 200.599 108.56 56.4215 50.7284 79.6233 4491.84 
1283.87 235.203 457.589 381.723 245.298 625.484 590.997 267.729 
34.1571 62.7256 57.1625 42.6894 346.418 170.656 115.261 1386.97 
0 512.933 583.309 243.408 63.2595 102.34 33.3125 36.3831 
1105.6 241.367 342.697 193.075 560.589 825.828 1297.8 3.14465 
139.768 153.283 29.943 211.819 81.7701 21.0859 543.834 8605.57 
974.642 135.764 704.192 826.123 1454.61 44.8158 44.5395 207.402 
385.116 239.706 292.867 695.362 976.252 670.644 2067.16 1881.89 
2433.77 668.161 540.836 496.381 820.645 674.961 58.1174 57.9817 
3900.46 129.042 225.652 121.444 113.357 199.636 375.985 1202.87 
1145.74 419.947 335.265 104.824 42.607 36.1959 37.2863 2190.46 
474.437 453.259 50.6096 53.7634 72.0352 134.924 213.936 9220.11 
182.154 202.068 116.332 193.562 379.64 248.469 166.778 9066.82 
1037.77 616.593 131.437 680.558 412.816 1063.23 1447.27 3.5759 
108.673 145.86 141.097 85.6923 181.086 145.254 163.515 132.836 
436.066 272.166 269.802 123.006 54.3481 55.6186 157.06 375.273 
428.347 172.698 220.211 178.771 95.2895 127.526 149.11 33.8346 
562.036 331.426 245.535 115.273 370.85 415.51 161.142 8693.37 
838.721 279.456 251.919 138.702 209.62 114.647 119.9 261.83 
1033.48 436.987 267.028 1163.24 1170.84 349.656 1555.69 2970.86 
1232.58 789.664 105.886 69.1838 37.0705 673.56 671.484 6309.69 
1150.91 389.742 167.624 235.433 535.704 531.737 716.503 1970.87 
735.994 48.6057 115.65 251.827 419.537 97.5513 32.6731 7826.56 
1009.55 471.306 604.122 600.748 1091.78 1166.35 180.123 1352.61 
307.93 354.757 221.055 194.852 165.201 160.31 256.091 2036 
1871.86 680.858 712.414 874.125 146.91 0 0 0 
152.264 246.622 399.405 396.471 371.04 307.803 657.616 217.257 
1098.77 815.671 213.49 607.825 926.191 787.657 881.731 1106.29 
630.044 373.795 36.3029 19.5732 64.6402 183.495 422.41 1324.5 
313.443 316.648 205.328 71.6684 36.1391 34.8903 34.0775 1102.25 
2546.42 709.844 552.708 317.641 319.356 146.257 2479.21 9206.05 
109.35 62.0385 87.2433 76.4038 57.7441 87.7468 0 1369.67 
114.527 146.809 131.709 211.316 232.012 264.174 189.152 7.49064 
858.204 260.617 256.264 277.039 262.913 365.981 544.83 2725.27 
2464.48 732.202 1006.34 315.738 247.828 424.312 387.118 0 
742.729 128.05 126.938 680.62 470.019 476.92 846.288 413.397 
572.249 140.101 391.565 576.824 582.922 296.556 795.213 3961.45 
1677.7 446.818 450.98 576.96 621.5 0 0 0 
1278.68 507.865 321.215 334.52 433.576 1277.29 183.917 5202.19 
3248.29 240.346 185.632 239.248 345.864 434.456 19.685 271.34 
19.2616 340.506 266.1 734.364 49.1957 127.773 211.24 9008.21 
672.096 308.132 176.221 946.31 1196.15 409.095 232.083 771.275 
1365.73 387.943 1038.47 1237.91 274.339 528.529 83.3233 98.7492 
713.721 200.424 189.745 200.848 153.196 196.898 143.263 159.797 
761.671 662.654 525.239 312.497 319.288 94.8968 240.072 815.519 
87.3256 129.661 160.363 167.659 135.744 139.718 94.9025 62.1361 
969.963 227.672 433.41 104.671 128.529 145.421 1066.3 2257.88 
26.1438 56.3698 73.0149 56.2649 31.8725 0 22.3364 6385.38 
667.618 103.705 185.217 81.1039 55.3904 204.655 125.153 751.969 
759.036 139.576 493.116 410.642 198.546 145.954 153.209 39.7176 
618.66 175.409 151.54 417.319 705.858 831.207 1444.14 2287.37 
1004.19 427.774 329.826 769.441 439.861 514.127 1051.08 3514.56 
2852.68 138.155 192.417 214.341 118.823 67.1302 91.0566 1458.14 
1107.06 356.278 184.457 479.312 2025.6 257.914 58.7135 6222 
1132.45 422.174 331.201 408.89 301.044 425.728 400.522 435.124 
74.1506 99.8085 145.935 7.48223 26.1952 84.5402 93.7378 1356.36 
1365.73 242.96 344.323 254.492 457.95 535.552 956.541 271.038 
0 67.1141 119.457 172.694 133.847 199.342 276.981 236.12 
267.639 189.559 209.955 294.105 881.706 951.902 1453.03 97.5419 
0 280.33 115.062 33.3967 20.6516 294.956 291.659 7313.01 
852.302 1004.58 611.256 985.286 979.357 391.864 434.448 1724.39 
311.516 376.305 338.173 55.5366 43.3343 77.1306 401.99 2471.12 
36.9966 343.969 89.9684 33.1593 17.7051 31.8677 80.9304 1130.19 
71.4286 125.49 155.346 29.304 30.3283 243.991 109.018 8565.43 
2107.54 680.575 588.915 1166.96 743.285 0 0 0 
380.153 345.577 80.0296 135.88 529.895 1503.81 115.951 266.57 
1313.01 525.668 313.981 1236.69 1227.44 99.2204 0 0 
399.036 103.999 437.702 647.603 487.933 842.881 25.8799 58.7508 
4608.31 393.427 321.909 258.777 85.5158 388.974 146.972 214.851 
978.847 399.988 235.346 148.745 206.379 228.683 191.774 325.721 
2263.2 654.176 185.884 114.167 112.108 264.053 1133.32 1324.95 
10.8225 1307.55 590.749 74.7974 464.308 407.401 340.478 270.2 
380.653 24.28 105.317 34.4003 21.431 35.4803 111.056 2189.77 
498.694 433.671 265.077 253.237 207.067 867.927 1603.7 3785.75 
116.959 100.202 267.899 33.5366 162.193 237.612 1891.15 5834.04 
264.578 88.2019 106.284 122.85 112.641 124.442 151.041 9092.18 
4041.37 476.235 125.548 1045.25 403.661 247.9 422.345 5213.85 
873.835 287.257 212.673 110.289 114.119 108.342 164.341 558.83 
209.568 138.458 64.292 27.2162 49.4094 186.769 79.4896 8840.76 
0 21.0748 178.24 944.894 1332.98 57.3008 25.3968 56.7089 
716.306 378.872 109.337 685.07 745.845 118.412 417.527 535.129 
1016 108.198 133.461 541.817 272.876 476.077 343.458 637.745 
4018.9 218.607 308.62 366.45 455.896 576.306 1004.22 0 
295.791 595.554 688.899 716.084 647.249 600.428 240.018 734.79 
198.646 288.733 556.707 123.413 296.344 410.412 140.333 9505.56 
1013.32 258.392 205.733 408.978 392.063 1023.89 0 0 
1962.8 551.163 264.4 149.606 169.125 644.789 73.7829 117.694 
1837.54 99.2485 139.907 238.93 234.556 275.061 420.179 420.913 
972.001 496.159 403.369 357.743 399.342 513.228 641.91 710.002 
2157.38 161.536 147.064 107.143 142.165 175.506 389.812 5032.88 
506.873 318.282 224.838 389.397 421.523 320.935 488.547 1087.48 
205.914 285.506 268.237 128.864 119.739 233.661 631.574 122.867 
147.237 70.4557 59.4967 81.6105 84.5201 130.441 245.604 8796.64 
695.456 470.588 125.816 189.475 129.494 146.764 167.922 268.242 
336.092 146.391 103.439 82.3126 72.7554 67.5786 164.301 446.64 
568.826 229.375 685.858 252.947 139.786 106.811 114.199 2354.42 
396.603 179.817 133.131 94.5304 173.991 263.652 42.6397 202.712 
826.509 82.3707 447.211 298.51 201.936 142.045 366.985 19.5695 
501.767 187.023 130.201 126.938 167.387 249.589 365.115 12.4089 
752.156 635.741 714.584 1783.12 1208.09 116.467 118.147 316.544 
210.019 217.88 169.688 247.165 187.45 338.435 546.546 7.21501 
231.383 179.264 709.502 788.804 281.761 120.273 78.2405 2796.24 
374.04 182.365 215.623 264.765 145.194 386.963 141.973 1777.85 
6779.38 111.125 241.403 331.455 621.001 683.915 513.678 1855.43 
1401.09 130.692 177.008 105.393 175.096 380.302 373.641 1105.5 
1678.6 255 153.89 185.328 167.666 188.272 409.954 727.386 
272.629 386.066 252.532 330.517 150.786 225.481 1098.26 236.474 
252.482 260.239 185.905 370.376 537.896 2188.88 96.8858 67.6407 
684.842 291.573 115.095 150.192 263.093 345.57 107.412 229.566 
1123.14 406.593 165.622 104.501 125.72 287.332 774.473 421.333 
878.689 113.255 116.772 225.638 314.694 24.2954 0 0 
536.894 153.63 103.057 212.267 237.404 77.1062 25.974 0 
229.964 160.473 93.1152 81.8777 71.5719 126.928 98.8035 237.803 
501.368 218.46 198.553 203.55 31.072 204.816 91.6819 15.7418 
370.787 224.518 81.0276 114.851 99.8518 349.103 865.462 16.7089 
316.202 264.675 309.676 407.494 106.964 399.237 542.191 754.412 
1405.58 83.3558 221.545 121.484 248.076 227.971 268.14 564.81 
408.503 175.491 224.957 305.009 167.229 325.128 95.7231 0 
91.0789 55.6736 82.1314 103.651 263.93 499.866 1023.46 1260.55 
3276.92 140.889 131.686 64.8443 109.477 191.203 241.599 30.3194 
491.801 153.452 251.391 437.656 254.964 655.016 1124.86 917.327 
352.367 314.365 164.133 217.068 313.593 84.8638 49.5585 4099.65 
155.101 48.2288 47.2715 43.9911 63.7313 188.7 221.522 3402.82 
412.937 174.305 153.33 202.774 318.421 564.186 1016.92 880.097 
174.857 139.582 118.604 110.781 104.847 120.131 500.368 869.57 
153.958 108.817 107.25 102.913 141.548 118.465 194.399 722.692 
671.225 123.741 95.6053 192.862 553.942 909.761 1712.92 52.1588 
588.989 82.8827 66.2409 71.8665 91.7896 117.234 491.723 2989.89 
609.352 150.753 179.574 363.041 210.621 131.198 0 0 
149.558 233.982 267.988 120.291 120.201 352.575 1103 1593.17 
1222.94 270.639 225.191 241.531 276.573 47.3138 0 0 
2136.11 149.567 103.607 126.073 255.282 218.698 702.477 2564.27 
1067.3 159.247 189.546 300.026 147.948 140.507 204.813 0 
3251.43 101.181 56.463 53.2049 53.4637 72.3867 105.088 827.204 
909.686 467.466 604.549 92.5858 196.166 326.512 202.804 2556.23 
0 283.215 173.747 135.256 436.651 647.479 833.601 660.626 
725.316 893.143 1066.41 558.53 475.651 301.243 415.677 16.7084 
606.019 348.817 378.928 279.324 177.963 267.818 328.877 527.697 
2411.69 265.948 215.641 208.193 149.095 264.554 409.018 125.117 
1666.97 254.841 198.444 145.201 90.7404 444.057 581.395 308.784 
746.506 137.428 104.014 190.567 385.785 865.067 805.64 1233.8 
645.171 171.428 116.465 332.151 245.739 316.085 908.081 4878.66 
2516.13 984.122 635.234 479.895 140.031 196.737 554.755 602.585 
406.939 214.945 145.208 123.517 134.783 117.617 737.327 1072.96 
247.52 121.755 369.193 88.4412 84.9443 119.663 392.057 5753.41 
1472.49 160.741 210.472 110.22 154.941 104.239 89.1208 82.9473 
503.131 151.035 204.684 175.238 291.328 346.389 7.44048 0 
757.09 591.889 619.957 294.437 350.912 280.945 249.348 84.1833 
964.948 30.0306 37.5235 67.2774 107.233 192.61 789.399 1650.03 
932.179 300.07 401.108 230.57 148.238 177.483 447.951 2012.73 
499.225 267.716 119.365 265.531 681.144 1226.91 1110.61 142.708 
766.966 182.636 198.691 159.642 171.374 203.622 309.763 308.495 
346.993 304.772 226.941 86.0555 96.6586 180.357 109.669 356.352 
207.328 148.748 157.813 141.038 103.633 77.9066 69.5547 120.264 
330.601 205.719 158.728 173.457 162.625 248.105 264.616 3030.56 
168.404 257.967 276.695 278.323 219.819 277.598 521.5 1166.01 
332.758 236.734 214.306 319.096 376.608 299.872 447.893 1748.64 
349.283 252.739 206.869 217.447 223.19 26.1856 0 0 
2659.79 354.415 436.564 287.68 212.221 307.579 274.778 259.867 
6421.42 273.954 150.901 241.581 235.578 307.086 197.672 338.974 
1245.19 1229.36 160.828 197.964 140.502 128.599 190.247 33.916 
7302.52 125.223 167.1 105.396 70.8584 194.056 302.817 80.17 
445.696 156.241 104.108 133.509 119.379 101.365 109.813 108.087 
429.007 1285.98 284.319 540.39 1056.08 598.741 99.7852 3382.62 
475.647 199.651 203.415 303.108 359.994 312.938 619.941 47.3045 
575.304 84.6218 129.772 145.845 205.101 529.887 805.042 1214.94 
102.805 181.642 145.512 377.723 588.154 1076.13 216.446 301.497 
558.263 1084.17 95.69 132.501 112.644 116.352 221.19 527.204 
861.727 162.887 118.73 143.028 145.704 129.446 126.291 6823.05 
1439.15 185.883 428.694 301.895 350.474 137.799 0 0 
1365.27 365.783 102.611 83.8986 103.986 432.318 389.766 3622.38 
15.7439 141.597 112.589 148.277 174.467 270.071 360.551 136.418 
474.887 192.483 158.956 225.588 295.157 174.424 2499.81 8.88257 
248.762 219.647 156.694 324.578 459.05 359.292 230.474 208.958 
269.011 302.747 113.476 105.675 336.089 481.408 263.047 824.885 
129.855 467.945 148.774 283.496 358.081 709.087 974.449 82.6575 
2504.27 403.088 720.952 272.14 199.214 277.89 626.56 344.739 
335.193 173.775 144.532 81.699 71.0555 136.582 188.157 32.1996 
385.286 533.339 526.84 287.968 620.05 648.307 1112.19 809.893 
519.853 232.648 101.867 57.0628 89.6341 102.152 98.5748 163.697 
1482.31 408.526 113.792 245.94 91.3362 271.12 1457.18 392.26 
2994.21 475.134 463.999 198.33 96.6319 258.581 235.436 609.744 
226.83 131.771 100.548 81.4872 68.4369 94.578 134.246 497.318 
1645.89 156.012 207.232 231.485 213.765 149.703 168.068 255.623 
418.149 129.443 348.318 151.896 116.461 118.053 79.3517 114.352 
42.0322 138.741 475.976 126.355 119.44 208.062 639.903 1207.12 
169.057 49.546 38.492 51.4911 85.3004 207.353 309.68 7564.05 
304.614 189.73 120.523 144.059 128.285 146.815 361.341 909.616 
278.525 158.45 178.046 242.276 160.814 226.039 193.094 1110.17 
377.804 291.246 155.532 250.832 261.036 52.3399 71.5149 2624.64 
3161.9 438.844 429.043 153.104 130.678 220.08 260.284 2863.09 
1210.52 185.487 195.203 214.192 263.561 205.497 203.668 136.382 
341.767 176.137 158.689 122.497 111.421 83.2976 141.736 1941.2 
779.528 566.916 783.422 311.73 76.7205 19.2514 16.6544 10.9254 
639.152 293.865 63.3004 217.98 252.805 299.432 236.078 282.411 
602.078 322.69 294.356 141.695 195.68 338.711 470.497 384.197 
523.52 231.366 342.55 496.18 463.392 1399.92 1372.6 1796.93 
475.074 216.783 589.536 1229.98 429.938 362.33 336.574 54.9451 
412.061 312.405 146.91 298.278 139.309 133.991 947.409 2424.83 
2412.98 462.822 309.481 268.667 339.92 658.267 32.6074 6.6357 
44.2427 139.088 165.207 474.004 1194.26 903.647 119.796 310.274 
342.193 215.957 168.167 92.8127 152.687 201.336 231.613 82.3357 
247.847 260.005 353.348 260.97 269.412 73.1722 108.707 541.267 
813.754 172.465 139.954 311.271 327.304 0 0 0 
682.04 212.803 188.233 250.882 181.225 202.789 337.416 542.927 
