5994 76520 109249 166764 167203 171724 172898 172946 174618 184341 186949 187500 
64508 88089 91219 91752 96760 149179 149188 149188 150280 152090 152098 152100 
36409 93115 114123 122224 127534 134721 136082 136224 145844 178222 182445 187500 
45017 154789 168050 170011 205715 212486 228460 335271 347466 351289 356393 356400 
22443 97457 116955 120592 134953 144948 158883 158883 162343 165102 167500 167500 
19534 53721 61777 73248 82695 90980 97383 154137 165031 168623 169984 170000 
58386 76987 99408 99931 120812 184880 186530 186534 201719 204930 212793 218500 
33679 77647 141938 180452 183484 184896 188053 188144 189785 191658 199561 200000 
43711 131952 141154 141609 146657 186315 186357 186357 187040 187495 187500 187500 
415621 641656 652700 652700 686306 735012 735049 735049 774571 786387 786432 786432 
35455 105818 130653 134275 140886 147487 152115 152440 171035 180024 187303 187500 
57081 61994 64832 64833 80235 162181 162205 162205 180067 187198 187500 187500 
118481 335841 336127 336138 371875 410006 410043 410043 412765 422190 422246 422250 
14654 62482 65039 65039 72673 87704 90310 107266 128248 132182 134700 134700 
65136 95604 141254 151147 152094 153156 156799 156799 158248 160067 165481 165496 
44744 74759 80348 80435 102457 159895 165484 165520 178046 183895 187476 187500 
23078 31801 36779 37058 68195 105324 106509 171365 181999 187371 187499 187500 
77776 124789 144311 156799 169373 185032 186156 213819 219619 221788 222498 222500 
20623 51933 70938 82341 85661 123561 130579 130831 131446 132102 133548 133566 
18146 28738 62224 67752 71166 124712 125183 125239 133017 134446 142996 143000 
14942 63693 77634 82426 96695 155395 159732 159921 161780 163212 166058 166500 
27045 49704 51407 51784 80419 183789 187609 196334 197895 199918 200000 200000 
47735 70036 98919 112460 116372 178158 178723 178723 181355 186445 187448 187500 
138433 252836 256824 256912 271882 311521 311679 314969 318006 318444 318493 318500 
20946 59148 60961 65461 77413 167063 167306 167306 171187 172098 174000 174000 
17321 21547 22884 23158 32566 39809 40123 40123 40977 43163 43200 43200 
44338 117016 117433 117444 122648 201982 202093 202099 204577 205528 206331 206400 
45663 75384 75388 75388 116786 178215 178356 178356 182232 187487 187499 187500 
43944 71232 77870 77871 80773 149820 150228 150228 150345 150414 150500 150500 
39517 45389 46418 46683 122156 163500 164446 164448 166079 166407 166486 166500 
26189 87595 93712 94778 99795 145050 146623 146623 154169 165762 170352 170500 
46698 87578 100668 128525 135627 182001 182662 182692 186088 186842 187460 187500 
37944 71479 103283 106087 113000 145652 149840 181200 183964 185683 187478 187500 
5266 23542 46793 60773 61751 136457 136839 136848 137864 138391 138995 139000 
30907 142275 157877 158329 159037 166570 167276 167278 167841 168611 169498 169500 
68498 123064 128153 128153 131474 140059 140892 140892 143390 149821 150528 150528 
186727 505868 516419 525467 527345 531434 541096 547487 551645 555260 561558 565904 
11041 32929 102936 148355 149764 152217 155224 155234 156353 158525 166417 166500 
50438 63241 123337 159943 160054 161395 162494 162495 162978 164782 166376 166500 
26522 53911 60177 60775 64106 71372 73082 116392 123382 123655 124500 124500 
34276 129014 160047 164194 166307 170187 171081 171118 175014 179264 187383 187500 
24837 49817 59526 62445 65056 131103 132694 132698 136151 139781 142489 142500 
18834 33433 81992 90607 95223 106267 107189 139587 144635 147688 150491 150500 
23976 59108 68658 72261 85257 95459 108333 133919 134240 134518 134559 134560 
25109 40086 49308 49982 66114 140553 178656 179174 180356 186974 187496 187500 
17286 23237 25859 26276 35612 71653 72945 149873 163839 172449 172901 173000 
116047 164640 170053 170053 204987 250576 252484 252484 263895 271917 272936 272936 
5972 8564 12167 12167 12804 17226 17226 17226 19025 19199 19200 19200 
586 8190 8210 8212 33110 79428 79474 79474 107582 119911 119987 120000 
27010 65256 67357 68086 88087 163823 164484 166183 176943 186885 187284 187500 
71838 85198 98452 98931 121276 178897 181447 181447 182264 190167 190997 191000 
54803 79653 117881 119614 132177 132349 146933 146933 164304 164796 187500 187500 
71817 103032 107856 109898 127727 176431 176749 176883 183605 183900 185180 185180 
28205 62283 117901 135460 137596 175718 176522 176528 181085 185789 187373 187500 
9290 9994 12887 12897 35049 153402 154018 154032 163419 164561 166494 166500 
17909 29963 36647 55280 83145 85835 98601 111213 112349 112358 112800 112800 
9295 35907 39534 40797 45416 68052 68902 69122 70681 72333 73421 79005 
22476 52844 72395 88590 107742 160775 177311 195393 209436 218699 232759 236000 
14050 86033 121950 136256 137192 219901 220105 222860 224581 226189 227307 227360 
12655 164986 165358 165366 183479 219773 219790 304252 306230 307195 307200 307200 
197845 387321 407367 407860 436381 684994 685998 686004 715358 783182 786432 786432 
29316 69130 84192 84230 90795 112497 121840 121840 121945 123377 123384 123384 
41856 112385 148922 164396 172118 172901 176143 176147 177011 177058 178453 178500 
9551 39172 44779 45076 46508 60155 60295 94865 97706 100692 101000 101000 
13462 32511 40054 40578 57450 105060 106529 106532 114756 119436 119924 120000 
763 2281 24300 135471 135729 146258 146732 149982 153705 156118 166027 166500 
43380 116600 131296 139613 142227 184498 184539 184556 185903 187429 187435 187500 
21227 77184 87242 87766 103364 134783 138463 138463 162783 182197 187500 187500 
84224 153884 188793 191283 195009 221342 228671 294542 300834 306767 307183 307200 
57463 82036 101447 105664 123052 166765 170239 178370 182262 187234 187494 187500 
34957 74486 79558 81997 82613 124419 124446 124446 147339 160494 164000 164000 
21025 55695 92872 124911 125800 160308 160664 160664 162721 187090 187496 187500 
16209 38982 47861 47882 56405 87169 90429 90430 94634 101741 103974 104000 
45368 61098 62680 62768 65102 115563 115602 115602 119029 119916 119925 120000 
63628 110071 142066 146299 157295 180541 181599 214557 222121 226527 226600 226600 
57057 148671 161304 161321 162591 175086 175603 175603 185012 185070 187500 187500 
19046 53868 76662 76720 81613 167496 168954 172367 174891 187166 187500 187500 
7334 61286 65163 75052 79643 138217 142157 142157 143403 165921 166500 166500 
41512 139554 158018 161750 165397 165758 166364 166412 177132 200347 203579 204000 
17645 95905 98530 98619 108864 115303 117442 185923 187206 187309 187500 187500 
34315 64218 209046 218188 229158 276704 282691 283998 315829 322355 326111 326192 
48569 81308 116671 116875 124872 159052 162666 183974 186908 187419 187500 187500 
67210 76324 81904 81929 94403 157001 158772 158772 164511 165016 166500 166500 
11387 29703 30640 30665 39250 50145 52856 92659 94651 95267 95494 95500 
34022 54338 107409 138395 138685 138725 140166 140167 141337 142165 145996 146000 
30187 35404 51680 52209 82996 118942 120185 120185 167943 186105 187500 187500 
19553 45394 85715 95540 96392 162980 163587 163587 164277 166063 166486 166500 
54388 147846 177669 178994 181240 246536 251092 251094 255971 266057 273562 273562 
11180 31206 35460 36741 43371 47664 58213 59917 60877 61256 61304 61304 
197697 618168 679711 740825 751361 756214 798870 801283 856044 861122 894394 895772 
15416 71093 73335 75333 80229 82870 84691 88320 89418 91160 91160 91160 
89312 262875 264598 265222 358905 378677 380130 380374 456531 494127 501386 510400 
1729 7176 7772 10092 18554 19638 24176 25782 26108 26450 26479 26600 
16627 112236 113033 113156 114044 114847 116797 120078 143457 163402 165017 165150 
5576 37867 39020 39083 39495 39685 39800 39800 40369 40822 41775 43200 
608 1710 1842 1842 1925 1931 1938 1938 2172 2291 2399 2400 
52808 81791 125133 134383 143979 148452 149715 153341 165802 179845 185262 202500 
18103 78742 151265 264645 265278 265945 347178 347178 348134 348514 349520 349520 
35619 405172 472882 475348 486286 618336 619615 619752 638212 765076 786399 786432 
6178 23642 58054 74951 78817 81732 85429 85619 87485 87986 89249 89250 
3728 11828 13122 13149 21974 32106 33456 33487 43061 45435 52435 52455 
6636 16098 43754 53396 53685 53833 54660 54993 60028 61410 64785 65400 
84640 373805 437660 438531 442112 447790 452622 463532 472716 474212 478345 480000 
10273 60962 63754 63833 69760 72488 72629 72943 88122 91841 92507 92805 
1695 6662 13637 13935 13935 13944 13944 13944 14400 14557 14560 14560 
8678 34173 35314 35446 36890 37120 37339 37342 42548 43280 44558 44652 
9964 23643 26182 26933 27114 27224 27556 27556 32189 38452 47246 48420 
16210 138191 178060 184178 184409 184439 185309 185309 186388 186485 188500 188500 
29733 84146 86086 86089 126759 150047 151124 151124 174907 199675 200000 200000 
55103 168010 202976 214600 234147 247477 251844 255027 296390 308625 312952 323676 
4023 4259 4525 4525 19242 20203 20552 20552 22374 22660 23679 23680 
4531 11353 14279 14348 14553 15653 16557 16893 17379 17560 17599 17600 
23066 48929 58925 59963 60127 60296 60315 60315 61901 62498 62500 62500 
415 8369 9367 10576 10579 11566 12215 12255 12678 13891 14997 16112 
54252 298717 696261 911970 912664 919335 924352 955504 983661 1003952 1079358 1080000 
13667 38239 38781 38913 47637 54671 55724 55834 64285 66901 69112 69510 
88680 252435 259313 259997 273725 303672 304349 304349 343154 372543 416434 422250 
42685 225674 240393 240906 244384 255250 255878 257281 271781 280657 288246 307200 
1245 5185 19038 21302 22461 24328 29839 30217 30297 30379 30400 30400 
2522 5537 5920 5920 7886 10595 10686 10686 11792 12190 12734 13260 
27052 110961 126377 127117 127870 129097 130564 133345 136531 144899 152011 152100 
90654 346253 361422 363033 366954 379787 379833 379833 435395 455048 471584 478601 
4639 7285 38727 41024 41205 41205 41501 41503 43142 43964 45604 47616 
3479 8390 13004 16953 17080 17584 17584 17584 18465 19037 19040 19040 
2424 5511 5789 5821 6655 7070 7120 7120 7686 8176 8200 8300 
2615 8216 20905 22309 22532 22643 22736 22736 24384 26710 27005 27400 
19476 50844 69946 70458 70956 71123 73062 73269 75109 75639 76608 76800 
880 3807 8255 12666 12669 12669 12697 12697 12726 12736 12740 12740 
436 26159 56473 171766 171782 184986 185447 185447 185483 185811 188000 188000 
69657 75407 116943 117157 197943 274789 666849 672096 681232 683586 685409 685440 
39870 57448 99997 102014 106843 108658 112509 115787 133224 141181 150716 162620 
5153 40255 48641 50047 50163 50528 50589 50589 53491 55667 61064 61065 
24678 117709 130969 133412 136018 144184 144748 144840 151515 165696 168303 174500 
5926 19608 32157 40477 47850 74954 82552 91178 92792 94804 96557 98747 
5365 8440 13458 18905 18973 19088 19092 19097 20835 21473 21754 22500 
334 2661 2661 2661 6145 12219 12336 12420 12553 12736 12740 12740 
34054 116462 120305 120495 129764 140298 142394 149802 166953 183172 185458 187500 
5694 10160 14768 15870 15998 16199 16265 16276 16955 17562 18018 18150 
18186 88354 92012 98954 120437 167710 169798 170225 185783 187919 187962 188000 
2371 8120 8432 8432 8717 8727 8734 8734 8993 9147 9419 9600 
4883 21405 22515 22520 26306 31650 32046 32046 45122 49310 53676 53676 
1687 7110 7325 7718 8111 36629 36640 37639 44297 52387 52739 52800 
31835 49171 88216 88921 108104 125980 132151 150657 207925 210856 239971 240000 
2287 8536 8874 9140 9831 10184 10525 10882 10971 11000 11000 11000 
82175 119659 129167 129598 129755 303709 303709 303709 326441 337118 361364 367500 
915 3741 3898 3898 4599 9036 9167 9167 9829 10570 11423 11440 
596 3735 4102 4281 5572 15793 16640 16685 18938 20573 22487 22500 
4876 7793 7815 7815 8076 8456 8487 8919 12222 14361 14366 14375 
6002 50891 55749 68166 74972 150966 152728 161689 171570 182763 184772 195000 
30872 69179 69360 69567 114212 138678 139638 140674 156101 166185 166233 169920 
3637 8416 9115 9129 9132 9148 9149 9149 10545 10866 11217 11310 
813296 1534714 1560245 1569969 1699181 1822054 1865767 1892117 2239123 2411431 2429540 2443584 
2907 5587 9637 13129 13230 14685 16324 16847 17759 17900 18902 18904 
19708 76796 82193 86787 86884 87845 87857 87865 88809 89781 89932 90000 
8490 23508 27663 27720 28765 28940 30087 30185 32100 32462 33000 33000 
3170 4612 5708 5754 10403 13535 15235 15251 16128 18266 18590 18590 
215833 240499 301632 302708 303825 304078 304078 304078 307008 307008 307200 307200 
705 3253 3573 3581 3581 3583 3583 3583 4768 6093 6793 7100 
572 982 4665 12268 12268 12268 12271 12271 12690 12844 13150 13300 
32302 84817 86589 86769 89715 90252 90465 90465 94323 95056 95160 95160 
4802 9538 10160 10169 14648 17095 17363 18218 18622 18799 18810 18810 
2221 16715 21085 21537 21599 21663 21671 21671 23861 24035 25137 25200 
28598 125474 144943 145668 149786 154206 164613 170253 172220 172788 173294 173568 
71138 178516 249300 249424 298112 345976 346253 346253 351838 354107 359724 360000 
17736 39297 50677 138142 141152 141828 142600 142634 153255 154801 163490 171366 
155994 320324 350926 355660 355915 356000 356105 356109 359564 360657 370558 374250 
13870 49111 127885 152856 155861 157642 168973 169177 172547 176059 178918 187500 
98146 111907 220446 225142 242115 246282 247745 249069 271633 275508 280178 286000 
4389 9688 10370 10653 12440 13857 14712 15655 17199 20040 20256 21600 
2581 10609 11717 12022 12261 12402 12419 12423 13451 13683 13788 13900 
36971 128945 185679 188175 188464 188879 189089 189089 212745 215358 219746 220000 
16333 51459 52411 142969 148570 158690 159490 159662 172466 177198 178974 179500 
20049 51852 69805 89040 94093 102603 105089 105122 124524 127003 130370 134550 
22379 52820 55266 55467 55539 55892 55921 55941 59424 61402 61728 62500 
13299 50725 120929 169176 173344 175921 178327 178731 182015 183816 184806 187500 
71399 196911 217210 221753 267404 303008 321509 322701 350989 373527 380503 388080 
306944 1246448 1256149 1266347 1277631 1304989 1305840 1320874 1662359 1731127 1731129 1731200 
61989 113363 114207 114631 142765 191156 204011 213658 226310 226884 227000 227000 
7433 10935 11074 11074 47927 154755 169853 171023 175821 176803 176987 177000 
31292 115639 127917 131554 136590 167270 169521 170089 181921 200158 204496 204500 
96636 152527 178999 180244 182806 188179 188305 188305 195418 198353 201498 204500 
59707 239255 252415 256484 302320 384851 413651 416214 455879 468187 480713 480800 
20329 69737 97755 139613 149667 151835 153284 153355 156838 178822 182175 187500 
74254 194714 216241 218956 220246 220467 220793 220839 240539 242581 242783 242820 
111239 328605 404145 406251 406305 406308 406333 406333 415575 417236 420207 422250 
55295 163584 176162 179108 180992 184640 186579 188420 194589 195914 196449 196500 
22252 115123 203677 215937 216822 217547 220079 228157 242511 246743 248551 249500 
56153 116913 118800 119164 135255 156344 168693 173648 182690 195253 196764 197000 
12986 46766 51110 54371 59289 60668 60756 60756 74397 76703 76800 76800 
10060 30061 76703 158716 162345 171390 174691 179594 185210 186844 187031 187500 
19761 223978 337212 422203 422407 427295 427386 432593 446148 464589 478651 480000 
18647 479204 582195 656584 656732 656757 656807 656807 665540 665765 667000 667000 
25609 171007 179478 179694 180213 180421 180555 180563 184807 185891 187194 187500 
44495 235244 239660 240039 259634 271300 274989 277449 285369 289337 290816 291788 
34161 83482 88847 88992 98992 111241 111405 111412 115960 116489 116550 116550 
25736 93126 188435 207232 209342 209905 224985 225237 237164 240513 248487 248500 
6796 36608 42640 43750 43833 44055 44097 44097 46059 46822 47000 47000 
1279 8594 10221 11066 11393 12207 12583 12583 13459 14129 14399 14400 
16515 30617 146240 172567 172607 172607 172621 172621 173831 173864 174969 175000 
2921 10242 10272 10272 12846 13201 13259 13259 16205 17453 17781 18000 
63140 118791 120669 120705 124358 128668 129463 129468 136867 137825 140496 140500 
930588 1986503 3853835 4566004 4592407 4593579 4634137 4635874 4765780 4775893 4904768 4915200 
24542 149396 159018 160042 163931 172602 173606 173747 176453 180524 181982 183500 
63500 213370 215300 215354 230189 237004 237337 239829 271226 298139 299162 300588 
86205 145545 245809 659450 659450 659450 659450 659450 659456 659583 659722 660000 
303497 590368 1045550 1167827 1464684 1555857 1556094 1556094 1571060 1748241 1750567 1920000 
11656 29261 51512 52667 56626 123703 124083 124816 127228 314352 315715 317200 
40567 51397 96526 516420 634966 636869 795358 795404 800000 800000 800000 800000 
258593 716116 1516438 1695723 1714777 1891094 1892773 1892773 1893035 1919992 1920000 1920000 
3465 5278 6601 7917 119585 120952 229362 229362 242014 246863 578452 711711 
74404 464110 1737971 1901457 1902970 1903146 1910049 1910049 1911343 1919940 1919989 1920000 
12510 30524 44702 101963 139851 180615 186643 186713 187207 191643 192629 250000 
30475 54686 69407 107891 114321 133213 134124 137702 139533 144222 144798 173190 
18296 82503 116199 265000 267180 269704 269808 269808 704496 705583 707000 707000 
137 42037 61526 306813 307101 405590 406194 659993 660101 660849 660971 661000 
38645 39140 58030 66592 98765 98813 100799 100799 141604 176246 186629 187500 
90527 124522 216086 227627 234234 235768 236378 236394 250369 266030 272332 325500 
67273 278486 424113 480530 482409 522096 527458 527474 542788 616403 688708 699392 
8300 14316 55367 248217 248348 248479 248552 248552 249333 249883 250000 250000 
32628 70418 108038 113590 131636 156218 156861 156871 164565 182309 184460 187500 
949 37242 151250 207953 208131 208240 209365 209365 209368 209494 209500 209500 
6719 21211 34874 149555 150051 150140 150194 150194 150850 176978 177727 187500 
125130 330992 331682 503726 666255 666951 666961 666961 667000 667000 667000 667000 
2298 29118 88349 149770 149780 149833 149835 149835 150027 153682 156488 187500 
2469 13453 19640 26704 26812 27472 27775 28084 29061 41102 43507 187500 
3667 25413 56644 99847 105738 132432 159316 171382 171436 172104 173135 187500 
5698 29188 44009 105778 105778 105859 105860 105860 106117 111784 122470 187500 
85332 113433 139824 168571 170898 170927 170946 170947 178419 181697 182865 188000 
45026 69454 99661 110175 126873 134147 139555 139906 145148 176808 179475 180500 
28172 42189 133344 151765 156185 181639 183772 183806 185654 186790 187498 187500 
104210 217893 267822 268908 341896 447146 453158 453473 455233 455296 456297 456300 
1619 16048 95895 148184 149904 159364 161479 162486 162491 163772 163849 187500 
27924 61690 112341 149639 157454 158214 160225 160225 162574 163224 165500 166500 
28199 31263 132798 141788 152349 159054 177769 177848 181589 182815 187500 187500 
36683 89331 130366 139551 145783 165426 168011 168304 173248 183933 187143 187500 
4182 4620 9417 9859 15982 16538 18160 18160 33362 120906 149365 227000 
64622 106624 151508 157997 168663 169073 169455 169460 175909 187233 187478 187500 
33371 44178 63514 146444 170081 177898 178048 178048 180042 182105 183010 187500 
178660 386995 645142 687325 691263 693517 693697 693697 709195 758365 768485 790779 
23194 30818 132356 146133 150832 154173 161279 161279 162492 176531 177351 187500 
30445 31088 41538 41544 68102 70689 82689 83463 86514 107699 111005 188000 
5626 39179 53094 57530 58488 61962 62016 71533 74331 79565 94416 187500 
5891 10430 16729 65876 116036 130455 144798 145100 145631 148779 153467 166500 
16792 68802 136249 141736 143842 163362 163684 163686 164193 181929 182427 183500 
28579 101430 118672 126173 128055 153485 153497 153497 154742 167914 175120 187500 
29621 96858 97138 103172 109125 133958 133973 133973 173800 199368 199867 200000 
74291 96444 105014 110003 126889 140624 140714 140714 141287 154670 154782 187500 
8190 35698 88619 164546 165362 165534 167253 167253 167681 185067 186261 187500 
17024 37431 110080 121524 122022 122923 124504 124504 126556 142175 153143 166000 
1283 6880 78921 143531 143651 143788 144547 144556 144925 152378 152924 166500 
20541 34934 53209 68714 92320 118183 120604 120852 122990 137046 141165 187500 
8510 11643 53172 75955 77280 93063 160421 168098 168123 168822 172605 186500 
31154 60161 69642 71581 107359 140340 142457 142752 172373 184736 187470 187500 
36328 64289 89082 97136 98453 98576 99517 99517 104668 126842 131264 187500 
12668 72547 105979 122929 126999 156619 173190 180526 181288 185742 186684 187500 
14304 53044 140771 185629 186169 186683 186908 186908 186975 187247 187413 187500 
5855 65576 126995 173136 173236 173954 174118 174118 174449 176311 176500 176500 
35661 59523 91376 99732 119021 120341 126148 126152 151937 157443 165720 166500 
50818 95792 168582 175245 182156 184567 186822 186822 187122 187426 187499 187500 
36 88532 98049 212982 212982 212984 212984 212984 212984 213000 213000 213000 
40418 85582 135707 149726 164081 169644 179260 179356 183042 184293 186257 187500 
45801 93474 128610 142280 149996 162453 163108 163133 166587 176790 178056 188000 
13198 24528 133002 174299 174523 174573 175412 175412 175812 176891 177327 187500 
47750 53477 87790 87830 100524 103388 104371 104371 122870 145771 165444 166500 
10048 55216 140092 179483 181815 183607 186384 186683 186947 187035 187491 187500 
194114 211621 396174 613192 639070 729170 729786 729876 734908 738460 739395 786432 
54115 85667 110887 124501 134264 137305 138926 138931 147475 160315 163400 166000 
15388 31505 49934 68706 94676 135801 143222 143815 161787 177311 184762 187500 
3836 16466 125218 183353 183911 185744 187088 187088 187195 187412 187500 187500 
967 30077 52385 174170 174175 174196 174230 174230 174242 174315 174981 175000 
32352 34015 53736 178092 181724 182046 184641 184641 185705 185826 186912 187500 
10429 30750 139717 183580 185526 185846 193856 193861 195194 196092 199655 200000 
59508 85698 100129 140947 157762 173686 174111 174111 180400 185479 186901 187500 
5864 23140 58384 69257 74992 140772 178059 202536 206540 271627 281198 307200 
17763 45573 100337 105955 112585 157498 165978 165978 166015 166398 167000 167000 
781292 954836 1412308 1431083 1468187 1534790 1534790 1534790 1540256 1916964 1918322 1920000 
9967 51410 66247 72765 75729 90027 93572 94456 98138 125116 130193 187500 
19233 54623 187569 212145 221519 226389 236400 236400 236426 240574 244063 248000 
12470 78348 93415 315860 323361 568005 574833 633545 633545 636405 637581 684000 
3929 56023 193710 204499 204593 238581 238590 238590 238631 245998 245998 246000 
15 8685 40025 465010 465010 465648 466137 468460 469086 469327 561321 679000 
88104 1156410 1222426 1253676 1266988 1288470 1288692 1288692 1290026 1894908 1894964 1920000 
44692 80221 178427 179845 198573 209902 255757 255810 256381 256438 265800 265800 
48739 200214 485507 602855 613529 639682 654836 656409 665101 687134 697487 699392 
52331 75153 93628 96701 103860 113433 113916 113927 126590 166207 166496 166500 
158977 193061 483728 696020 696511 696575 697294 697294 698227 698859 699370 699392 
27198 35631 42025 121253 159037 171417 651597 657543 660263 660336 667000 667000 
31297 79753 111690 149710 153057 160737 162321 162321 167116 168971 187860 249000 
97579 195875 424131 628465 630597 742415 758512 794087 794129 799983 800000 800000 
11958 51823 107400 155312 160113 164244 169341 169602 175328 178867 186660 187500 
20550 64983 112497 135376 136697 136808 138324 138324 152728 154296 179658 187500 
10801 53133 125508 160857 161662 162035 164265 164279 165082 165639 166763 167000 
8780 19914 33969 34168 34411 34414 34465 34465 36308 73903 75027 76800 
70172 126920 177732 182104 198459 266826 269856 269859 273802 299194 305119 307200 
57843 336384 455401 570603 591444 599501 631943 632055 639515 687859 697401 699392 
27172 65083 116167 137181 138390 171313 172212 179132 181157 182761 184060 184500 
83810 226663 349131 601347 625371 643809 665325 665467 674861 791508 798644 1306449 
44589 116910 219556 242884 262318 276364 305424 306635 306938 307185 307200 307200 
1459 9916 10213 11725 19272 319560 326148 326524 326555 375228 375298 375360 
46453 64099 96984 105318 118683 157006 157936 158439 165162 186847 186937 187500 
89100 194066 224560 225417 232175 302235 302480 302480 302724 307178 307200 307200 
20610 55654 101722 125223 129703 132441 141021 141027 143588 157349 165782 190000 
33455 124459 141755 145397 190561 270497 280258 280270 289423 302516 307176 307200 
125626 266768 388851 395892 405741 419301 477498 477498 481025 594150 600768 688000 
2549 20938 115361 183426 184037 184195 184356 184356 186117 186289 187469 187500 
1115787 1200974 1468882 2093508 2113265 2146073 2425090 2425815 2430240 2457410 2609192 2678130 
1210427 1840237 5339169 6813469 6979746 7022355 7031660 7039338 7043691 7073879 7074956 7077888 
71277 151501 184861 186378 188698 258819 258873 258873 259076 307153 307192 307200 
2634 29345 410869 477301 477916 484339 484823 485004 485077 495545 505370 710000 
55183 67476 85643 89804 97050 100376 100722 100732 127095 185117 186574 187500 
35214 67314 77190 94917 124980 175394 177954 178697 180744 182495 183135 187500 
24037 63517 78735 81904 96054 145416 145430 145430 145463 158845 158850 158850 
14061 54785 76352 83243 87041 128378 134343 134504 134903 136201 143655 187500 
444551 1230128 1641856 1721854 1737189 1783293 1783571 1786496 1800966 1917782 1917991 1920000 
150620 289968 325343 377646 383340 615825 616306 663705 663705 666960 666999 667000 
51662 107387 132602 136736 197955 252443 253264 253266 254783 303279 303588 307200 
50916 88621 107630 115400 168740 249880 261274 261766 266597 289052 289815 307200 
15387 72396 104731 187953 189716 191451 191520 191521 192339 201218 201219 202000 
28168 193775 270031 414789 442395 446732 455536 455536 458270 514877 533507 659000 
3321 12598 78569 89231 135509 180146 474520 487807 497142 654402 662322 711711 
32784 106342 389511 659523 660144 661545 692909 692909 693108 693321 699392 699392 
15964 28263 40979 42446 47400 56551 71993 72182 79737 115459 127958 156500 
57557 60474 121508 228100 228395 228461 240615 240820 241079 241126 249499 249500 
84899 123009 348581 660979 661003 661128 661128 661128 661202 661404 664750 665000 
50642 114863 120712 122194 156933 255242 255677 255679 281401 295286 296944 307200 
1845 10085 134053 168089 168442 168650 170443 170443 170617 172214 182526 187500 
16831 257365 439188 581060 586564 600659 609962 610363 623618 665090 678672 699392 
252294 492774 594434 707947 716897 734640 737403 737589 775066 784401 786418 786432 
10437 13978 15199 15269 15374 15443 15444 15444 16585 16763 16820 16820 
2353 8979 9091 9243 9474 9539 9539 9539 10174 10660 10660 10660 
11943 66484 76503 78078 78105 78368 78368 78368 78391 78400 78400 78400 
963 7343 9154 11129 11129 11129 11129 11129 11162 11180 11180 11180 
15927 101629 104083 105726 106645 107670 107864 107864 117129 166105 166500 166500 
14397 65857 162934 204448 205266 211292 215665 215667 218242 220957 230177 230400 
2210 2844 3160 3259 4878 192847 193477 193498 194413 194455 194500 194500 
229 460 636 795 933 1389 1571 5499 5583 5589 5625 5625 
21535 30102 35992 36712 38945 157974 158270 158270 162998 165588 166363 166500 
39335 184582 185565 185866 188100 210224 210286 210286 211752 222500 222500 222500 
12741 74088 98923 100843 101636 102296 102993 102993 103278 103535 103747 103751 
4657 23194 25236 25867 26137 39552 39713 39713 39801 39843 40000 40000 
2114 83153 88071 185398 185509 186540 186641 187314 187351 187475 187492 187500 
1959 13219 15041 16538 16794 17878 18489 18489 22280 24946 28340 28350 
8172 18107 24656 26354 27702 41101 42536 42536 46652 132758 135355 135359 
2252 5971 7686 7818 8096 10503 10542 10542 10612 10787 10920 10920 
1713 8778 9747 9748 9767 10801 10867 10867 10920 11173 11180 11180 
84167 124436 179916 186475 198792 212224 222690 223461 224659 225836 228000 228000 
17711 175254 184326 189982 190207 191318 191689 191689 196475 202120 203999 204000 
9985 62809 103952 138573 138873 181935 183231 183240 183935 184585 187432 187500 
15744 18747 24233 25711 26135 184654 184758 184758 189660 190218 191000 191000 
56293 85976 88165 91079 109345 130176 130511 130511 175653 186765 187483 187500 
160 196 332 341 445 5388 5477 5566 5605 5606 5625 5625 
13896 64133 67979 70307 73168 149932 150223 150236 151886 162649 163000 163000 
4167 4356 5440 5454 5849 162331 162349 162349 162899 183888 184000 184000 
22698 370685 376550 401589 403070 442609 442636 442636 444643 471934 472000 472000 
4887 5662 10455 10836 11932 169964 170054 170054 170391 188494 188500 188500 
50886 111844 111864 111967 229049 2168457 2189552 2191109 2234278 2239981 2240000 2240000 
31037 52956 65076 66808 135906 136814 155812 155812 165653 166042 166500 166500 
17745 29650 41089 58807 68191 238791 239154 239160 243982 244279 244492 244500 
20449 82634 102595 121993 140839 155434 161171 161189 174019 178774 180463 180500 
3134 5260 6579 10076 10076 10076 10076 10076 10140 10140 10140 10140 
6341 9228 9396 9396 10608 39763 39951 39951 42560 42883 42900 42900 
109833 185087 208851 209079 222383 223709 223720 223720 231281 237766 237770 237770 
3663 37747 37830 38115 38240 38247 38247 38247 41609 42484 42500 42500 
4099 5293 6067 6116 9603 162289 164593 164603 165481 165486 165500 165500 
265 1219 1219 1220 4926 5598 6303 6303 6421 6592 6600 6600 
16972 48535 49467 50385 51123 164128 164306 164391 166729 168742 168988 169000 
9518 154432 158771 161108 161650 161887 162885 162885 164797 165056 166994 167000 
514 1092 1394 1406 1806 2972 3477 10478 10894 11000 11310 11310 
30510 45189 45477 48015 62962 149341 149362 149362 151129 160782 160782 160782 
1203 3722 18470 28949 28977 87301 87301 87301 87625 87965 88000 88000 
13610 34239 60402 61420 71508 75651 106444 106458 106705 107148 107625 107625 
20590 167172 167524 168088 169542 204757 204779 204779 252236 323547 323584 323584 
14700 20169 21936 23707 108211 144131 178800 182999 193124 202706 207966 208000 
1622 3937 6256 9563 9651 14626 14662 14662 14710 14934 15000 15000 
927 1052 2000 2113 2346 11901 11987 11987 12541 12647 12734 12740 
7468 12450 13135 13164 16115 17168 18874 43582 45540 45753 48162 48495 
2653 7939 8225 8333 8385 8403 8546 8546 10247 11692 12015 12015 
3855 3944 4183 4183 5196 116218 116591 185906 186803 186823 187000 187000 
1047 3877 3991 3991 4005 6094 6094 6094 6128 6400 6400 6400 
55454 63050 80863 81341 86570 156630 158911 158970 164242 164939 166456 166500 
1063 2138 2438 2528 4776 4829 5235 5235 5563 5581 5625 5625 
1056 1577 2090 2329 2436 11621 11662 11662 12448 12694 12740 12740 
90 91 94 94 264 729 1038 5080 5319 5354 5400 5400 
50439 91982 97662 98089 101707 105408 105582 105582 106297 106735 106799 106800 
27071 31909 38002 38035 42504 222084 222945 233239 235420 235489 235500 235500 
21689 44137 59636 60774 127131 149669 149760 149760 160057 166332 166498 166500 
8623 12616 32548 33856 34001 34088 34649 34649 35480 35720 36520 36520 
29523 33582 35515 35782 37907 177014 177131 177133 185627 187250 187499 187500 
5305 10801 18518 18879 19098 185342 185432 185449 187107 187558 187996 188000 
133712 133902 135522 135532 143988 144021 144164 144164 165868 166047 167000 167000 
39497 151372 163513 168493 169390 169502 169576 169576 171953 173187 173467 173500 
8762 17121 17679 18480 72302 140529 153907 153909 185752 213802 215990 216000 
7475 13406 103114 139655 141875 147642 158284 162626 164671 165155 173851 174000 
23197 150085 162481 165902 165914 165957 165957 165957 165990 165993 166000 166000 
5118 11945 12027 12919 20561 22304 24656 24766 31949 193709 193961 194000 
19514 70942 72698 73093 83466 114034 114594 114594 129616 165441 167452 167500 
18802 106626 111075 152553 152627 162821 162822 162822 163087 166492 166500 166500 
58980 184200 188732 190156 193437 196277 196378 196378 197972 199438 199926 200000 
75621 117173 143423 144241 148406 174650 175154 175154 184350 194988 199996 200000 
5304 11776 14771 15835 15844 15844 15849 15849 16199 16619 16675 16675 
15502 21831 22859 24279 24371 24412 24479 24479 24480 24480 24480 24480 
11978 14319 26161 27311 27654 178346 178614 178614 179225 180171 180500 180500 
585 801 3726 3738 4299 9783 10966 13788 14257 14327 15600 15600 
40138 70415 73403 73673 91384 167378 168642 170168 180465 187417 188988 189000 
2140 4386 5008 5051 19427 207223 235170 289866 289883 289892 289900 289900 
6363 100881 108434 153524 153920 156526 157209 157469 164839 165889 165982 166000 
86211 106991 144442 144787 151835 166864 168904 183152 192137 195783 197956 198000 
4060 12328 12889 12963 13020 13034 13036 13036 13090 13129 13130 13130 
83 106 128 128 188 4511 4528 4528 4535 4550 4550 4550 
442 1001 1084 1092 3199 155933 164994 165011 165773 166316 166500 166500 
4757 149232 154395 154413 188340 216153 216341 216341 217390 244894 245000 245000 
57384 251473 272885 278522 279678 279797 279855 279855 280099 280150 280150 280150 
42642 113784 147054 164057 171495 172820 174840 174841 185281 186022 187499 187500 
3516 8176 17961 18981 19118 178136 178151 178184 178834 180436 180997 181000 
1244 2076 2277 2363 5440 5470 5589 5589 5602 5617 5625 5625 
25165 150619 173349 186528 186715 186824 186834 186834 187352 187448 187500 187500 
23030 73384 95895 99699 133663 171553 189057 196899 197632 197985 198000 198000 
696 8934 10057 10572 10574 10757 10776 10776 10778 10974 11000 11000 
1117 22152 23342 26600 26600 26600 26600 26600 26600 26600 26600 26600 
9556 162873 167035 187393 187417 187491 187491 187491 187498 187500 187500 187500 
5094 88400 89418 90826 90826 90837 90837 90837 97553 98589 99050 99050 
48153 93768 95306 95310 128837 151821 152427 152427 160734 166376 166500 166500 
724 2457 7567 12175 12551 12713 12734 12734 12738 12738 12740 12740 
42677 157170 203488 233617 238260 239266 239697 239697 239934 239993 240000 240000 
6739 122603 130476 132738 133432 133590 133634 133634 136091 164982 166459 166500 
64090 88678 93109 93245 123614 133512 133620 133620 157432 167401 167500 167500 
164374 165863 182396 182424 184750 184831 184926 184926 187264 187283 187500 187500 
67490 1094997 1149399 1150791 1151064 1205952 1206191 1206191 1207251 1228445 1228800 1228800 
839 3450 3721 3721 6643 18038 19864 19869 19869 19950 19950 19950 
4820 13183 24633 191179 192569 192618 192768 192768 193213 193227 193499 193500 
107350 159219 294450 319891 353167 353167 353207 353207 353510 353510 353510 353510 
4220 13565 13951 13951 17318 117475 119010 142927 144420 146427 146479 146484 
15381 19941 21756 22025 31058 133469 141557 195318 201235 201361 201598 201600 
54555 92561 94435 94446 118746 142265 142586 142586 162035 187281 187500 187500 
662 5263 5964 6272 6279 6287 6288 6288 8890 8975 9052 9052 
49932 236460 248271 248534 248602 248602 248603 248603 248977 248977 249000 249000 
245 416 5267 17360 17366 17366 17391 17391 17436 17442 17688 17689 
4998 18506 71747 185739 186190 186258 186614 186614 187158 187220 187500 187500 
23730 74839 80529 80743 80746 81320 81351 81351 81533 83569 83585 83585 
28433 38191 169208 209613 213136 213262 213525 213525 214273 214391 214500 214500 
22150 65113 65528 68096 72388 72399 72399 72399 73184 73204 73206 73206 
13246 28592 40299 65805 68730 71413 71555 71559 74292 74335 74749 74750 
123462 282722 293767 293923 295507 301560 301561 301561 348535 356449 356480 356480 
2173 5594 6226 6243 6593 7798 7826 7826 7906 8800 8800 8800 
18926 77716 77719 77719 125332 291939 292995 292995 294754 307199 307200 307200 
1026 11180 12116 12167 12188 12312 12315 12315 12819 13366 13500 13500 
6633 9085 15038 30933 31616 31819 31973 31974 32074 32082 32085 32085 
1908 6228 7352 11025 12540 13553 13802 13802 13802 13802 13802 13802 
32335 42923 126769 131615 146790 148709 148768 148768 172873 172990 173008 173010 
4347 10949 14108 14648 14672 14672 14726 14726 15182 15274 15600 15600 
27108 146523 190714 217587 218864 241676 241735 241736 242103 243990 243999 244000 
369 6391 7204 13219 13337 24111 24558 25738 25792 26299 26392 26400 
11087 19501 20164 20181 25060 27203 27569 27570 38148 43013 43200 43200 
10203 180648 183984 187017 187749 189425 189645 189719 191503 193821 193992 194000 
7533 15744 18319 18852 36792 97366 107951 108279 117659 148447 148500 148500 
5902 19674 25741 37947 37964 38019 38019 38019 38584 38628 38800 38800 
26810 146809 147844 148716 160921 161582 161777 161779 180801 187116 187488 187500 
43307 161577 197132 199170 200226 200432 200654 200654 204225 204879 205500 205500 
1267 20811 22141 24996 25004 25424 25425 25425 25462 26395 26400 26400 
7065 132016 135840 154876 155074 155307 155311 155313 156192 156338 156500 156500 
21453 64174 68690 69924 72730 72939 73334 73334 75668 75703 76800 76800 
49943 68914 102024 106925 133447 167788 169165 169165 181161 187104 187439 187500 
8372 14035 32758 35098 35231 70421 70457 70457 75320 246661 249964 250000 
20354 145805 156252 157542 161178 162246 162369 162369 165631 166811 167000 167000 
3859 7329 61365 155849 161231 163952 198739 199326 199592 199651 200000 200000 
21691 110902 114953 114991 132880 157132 157372 157372 158901 166447 166500 166500 
7 27042 28111 41987 41987 41987 41987 41987 42114 76484 82227 82501 
35340 112200 182600 247146 247153 247158 247161 247161 247302 247343 247500 247500 
4121 13900 15982 16021 17084 17988 30147 30801 30879 31036 31740 31740 
24395 33350 58077 60803 67573 113720 113908 117235 123840 126810 127499 127500 
65563 71076 121633 227982 233392 235018 235655 235836 243779 246061 246976 247000 
13842 106521 123121 130559 130766 130845 132117 132117 132327 134796 135000 135000 
36442 57718 64581 71114 107415 108953 109656 109686 114297 115118 115498 115500 
35505 70585 75575 77190 107444 115139 116747 116764 135175 144318 145000 145000 
5192 40748 92601 142639 142711 142744 142802 142802 142856 142933 143000 143000 
6067 19801 24740 132280 135709 158431 159110 174970 176618 176855 176999 177000 
1889 10517 37112 53520 53520 53520 53520 53520 53947 54020 55292 55296 
14115 34643 116544 197524 198263 198706 201572 201572 201796 201911 202000 202000 
58807 113635 149069 155548 158959 160545 161849 161849 164642 164835 166500 166500 
18955 72616 121188 157426 157615 158726 158739 158739 160285 160914 160999 161000 
8440 23714 24953 24953 26718 29466 29634 29634 30749 46798 46800 46800 
6957 27777 36415 38242 38242 38242 38245 38245 38278 38279 38425 38425 
39354 130150 130636 131855 135783 150853 153364 154365 180133 186788 187493 187500 
23234 42381 62225 62315 80666 118773 128582 128972 141115 199101 200999 201000 
2554 126434 127835 127839 132412 169109 173256 176532 179062 202358 204490 204500 
820 7467 22502 56980 56980 56980 56980 56980 56987 57000 57000 57000 
8487 22788 31704 34160 34485 150042 150051 150051 151302 166734 167000 167000 
3805 60119 62370 64819 66076 100867 180710 200918 200974 200984 201000 201000 
9771 63053 71224 73253 73308 73471 73508 73508 74197 96732 96938 97000 
845 22011 22455 22592 31487 43211 44071 44090 44865 45424 45440 45440 
14545 178916 194211 196400 199399 202173 203442 203554 206900 210526 212445 212500 
20987 51234 104479 112137 119694 155059 155953 155953 158343 187253 193425 193500 
27237 58988 91459 95729 97683 98233 99232 99235 99268 99330 99330 99330 
1380 2090 2386 2387 7575 156960 160227 160390 162809 165746 166496 166500 
22513 149599 179307 189334 190129 190546 191116 191116 195949 197608 199468 199500 
6480 9142 23391 38371 38519 38519 38681 38681 39208 39208 39600 39600 
11749 15977 118884 163664 164856 165212 165562 165562 165990 166079 166500 166500 
45032 92400 114342 123187 131661 141542 146747 146805 162129 174601 176952 177000 
1922 76468 90815 144303 144323 144323 144356 144356 144383 144383 144450 144450 
9441 227707 231690 231731 233190 238450 238879 238879 241595 248846 249997 250000 
9571 96448 98523 98900 99486 155650 155667 155667 158535 166403 167000 167000 
8059 55273 62610 63022 64008 67736 67953 67953 69141 76550 76680 76680 
7392 26033 39266 188549 189169 189665 189668 189668 189753 190000 190000 190000 
5999 7458 119145 220938 221454 221499 221545 221545 221872 221876 222000 222000 
8989 102734 130754 193248 193611 194111 194145 194145 197393 199533 199998 200000 
15209 190321 201460 202627 204897 204992 205253 205253 214710 218406 219596 219600 
8914 42069 120205 120664 120895 143806 144054 144054 145804 164331 166994 167000 
8770 84436 121084 178392 179727 180016 180183 180212 185598 187000 187455 187500 
707380 1440680 2039498 2111855 2160597 2399969 2400811 2401406 2630562 2734206 2751019 2751328 
36699 94248 145259 155344 159682 164749 165962 165962 171708 180281 187482 187500 
72231 88926 134088 169871 171377 172348 172489 172495 186204 186824 187429 187500 
51882 79115 156872 167540 178190 184694 197301 198494 199678 201888 202958 203000 
76598 229437 350175 352631 384758 466126 469485 469485 471367 479703 479938 480000 
4202 58790 90047 154267 154585 162478 162810 163159 163583 165490 166500 166500 
391317 674318 1955259 2186994 2207030 2214860 2218402 2218402 2360443 2502558 2543202 2560910 
61802 72207 157370 160195 161110 162187 163186 163186 165311 166312 166500 166500 
26015 26016 27317 27317 88684 158910 161782 161782 164447 164470 166500 166500 
26049 46633 146609 169038 169435 171426 171434 171434 177264 186682 187498 187500 
44440 110380 136662 169235 169452 170386 170387 170387 171668 172785 172800 172800 
77093 101634 246710 247029 247256 247538 247642 247642 273634 276029 307200 307200 
46570 61654 96459 98044 131788 141356 147253 147262 160313 181964 187253 187500 
68111 86200 144296 154868 162591 162744 164058 164075 165313 165321 166498 166500 
40506 70489 108981 114288 115884 116926 116926 117001 119335 120269 120275 120275 
26024 68867 81411 84279 102997 145352 145870 145871 152003 171281 183226 187500 
91584 144881 171032 171437 184738 185777 186471 186473 187139 187484 187500 187500 
49990 70912 158985 162467 162792 164069 164180 164180 165385 166355 166500 166500 
38911 58697 76297 78857 106768 137066 139586 142069 148084 165699 166493 166500 
11950 25986 33957 94965 95241 95656 95765 95766 96361 97183 98484 102300 
74324 86265 117989 120057 125516 146288 146493 146493 184045 185677 187500 187500 
2054 32948 92221 164318 164341 164462 164494 164494 165118 165244 166493 166500 
11897 32405 41592 42974 43652 50402 50500 50528 59748 61733 62497 62500 
78717 82219 138895 138901 161921 162644 162930 162930 178180 186262 187397 187500 
5919 23632 47171 64509 64699 65758 65854 65854 72023 72575 81000 81000 
14622 17207 124548 158561 158758 158759 159482 159485 165554 165560 166488 166500 
14304 36308 120823 133223 146440 149438 151234 151239 160989 162218 162999 163000 
37635 54970 67654 85440 129993 142759 152205 159781 164578 165844 166618 167000 
38853 41654 52585 52617 72665 111293 130484 155918 176260 184661 187393 187500 
11531 44071 47686 47686 64178 64909 65386 65386 97928 100226 101472 101472 
39146 76248 80219 80370 121777 144800 144962 144962 181021 187205 187495 187500 
69426 74608 171598 176246 178814 178855 183613 183613 184474 184569 192500 192500 
54473 135301 136938 136940 138979 148650 148818 148818 182453 187048 187500 187500 
22319 62726 113941 133533 139328 167455 169322 169322 172008 175856 179499 179500 
22524 65956 80027 87831 105993 127368 148565 148568 166400 176962 182493 182500 
44694 68626 102699 103494 115042 150113 151725 152135 162350 163090 165990 166000 
50236 101053 148780 159666 163932 167518 169718 169960 179700 183453 187186 187500 
54620 138492 171809 198816 203645 206600 206952 206952 211628 215678 215964 216270 
29464 110208 161958 169155 170729 173378 173743 173769 180056 185575 187330 187500 
115 56804 123136 185333 185343 185387 185387 185387 185428 185467 187467 187500 
27931 68672 113655 132329 139662 142875 151919 151931 164763 166332 184455 184500 
103857 103989 126488 144640 146822 146829 148838 151040 159845 159856 165019 166500 
4527 25025 159188 162693 162695 162695 163209 163209 163221 163221 166000 166000 
23353 109250 168831 171816 172388 175644 176246 176336 180462 183666 187363 187500 
17139 25694 53648 59840 89463 110624 146817 156923 170059 183700 186866 187000 
32838 63153 136359 140635 140644 140696 140696 140696 141539 141880 141999 142000 
1588 58292 125352 185741 185745 185864 185865 185865 186101 186192 187448 187500 
11431 78935 168351 174810 174921 175192 175722 175722 176175 176635 181000 181000 
34162 84830 90224 101735 103756 111260 111291 111291 146781 175179 186837 187500 
52949 53541 159924 159926 166490 177776 178375 178375 185780 186571 187486 187500 
15839 20106 28294 32577 40691 41387 41723 41724 59031 63262 66544 66650 
168332 187500 187500 187500 187500 187500 187500 187500 187500 187500 187500 187500 
69145 166500 166500 166500 166500 166500 166500 166500 166500 166500 166500 166500 
61079 107622 123007 123308 138825 239722 245874 246195 246324 246370 250000 250000 
6372 69376 117463 148916 149109 152985 153082 153090 158421 174863 183959 187500 
5403 38364 52819 58875 58875 58875 58875 59869 59877 59877 60000 60000 
42818 67712 68863 72747 91300 99055 99809 99880 176878 187171 187488 187500 
39483 136685 141896 151653 163079 176189 176288 176305 179540 187303 187356 187500 
16826 37342 98430 98439 98894 146948 147085 147087 152906 165756 166500 166500 
87827 92565 180492 183583 184184 262129 262129 262129 270815 274551 274567 274567 
147378 171521 425049 511001 539552 551081 553274 553274 626625 629414 630208 630208 
26372 50443 147081 154200 159198 161852 169660 169680 175091 185127 187498 187500 
17413 43048 108929 130301 136017 146763 151037 151241 158587 163317 165625 166500 
404607 637126 1021146 1046376 1051450 1082194 1082830 1082842 1085273 1091774 1091840 1091840 
22472 81400 163115 235490 235757 237821 237821 237821 237939 239692 239762 242880 
34325 86094 134228 150912 165943 172671 183522 184595 187265 193968 196466 201500 
62200 72516 102833 103954 115137 120599 121189 121189 139971 166549 167000 167000 
66950 99295 155517 180059 181411 181809 182311 182311 185577 186416 187448 187500 
19058 49217 139275 151714 153148 153875 157894 157894 159697 161212 166482 166500 
85894 121067 279460 390895 441470 441578 449120 449120 482651 482685 484000 484000 
53025 91131 135300 168880 169507 169768 169898 169898 172194 172722 172800 172800 
12286 20998 99638 105868 106208 107207 107235 107235 109111 111076 119769 120000 
38551 61002 120932 125986 131674 136434 143633 143811 154033 156167 166478 166500 
522 40323 134004 165140 165142 165600 165600 165600 165622 165950 166000 166000 
6420 67729 116693 172279 172972 175298 176025 176527 177873 180809 186385 187500 
3816 13141 67723 99504 100305 100306 100981 100981 111663 111680 187441 187500 
20779 33899 70955 71312 71457 113972 113993 113993 129868 152416 166483 166500 
17552 51259 143392 160400 160568 160569 161185 161185 161879 161982 166074 167000 
50846 93218 106532 106687 137511 163875 165892 165892 181415 181987 187500 187500 
94512 156583 181093 189986 215711 221861 222187 222188 243534 247947 248535 249750 
203949 2822594 4104899 5859917 5878632 6005281 6005284 6005288 6011344 6015790 6016000 6016000 
21283 41555 165714 185842 185892 185904 185925 185925 186543 186571 187479 187500 
17825 55423 267887 290953 303658 357860 359253 359253 379524 392519 419997 420000 
66461 116359 141597 151411 153076 156899 156911 156911 164915 172416 172453 172800 
16338 55199 165125 166004 166005 166059 166101 166101 166119 166240 166500 166500 
56480 57222 61340 61347 62975 63714 66923 88470 100396 102363 103360 103360 
27126 111740 119523 119848 141540 158199 159527 159536 160879 161311 162000 162000 
5 5 12 12 1276 8820 9421 9425 10108 10290 10375 10375 
122360 332576 338904 344114 385886 427472 427800 427850 436750 539455 539531 540000 
2526 6417 7523 7616 8612 162413 162657 162657 162883 166081 166334 166500 
1622 14459 15471 15488 16499 134200 136286 187127 187937 254005 254969 254980 
2955 5253 5519 5526 8358 58062 58648 59472 60373 61016 61175 61200 
9504 24408 29484 29489 32710 263693 268178 276546 276981 278384 280952 280960 
58 551 603 636 2128 150613 154424 217957 218191 269527 269861 270000 
42974 266608 325823 357387 359797 517421 517481 517481 520214 539844 539900 540000 
5586 81331 81523 81570 136165 197110 232493 243119 247867 291425 293689 293760 
15957 52553 73787 95769 110108 159599 161566 161613 162312 162506 163445 163500 
14600 34591 35741 35745 35798 38371 38371 38371 39538 73833 73840 73840 
33116 120856 127549 128000 137110 531438 531650 531650 531816 539944 539961 540000 
27993 87619 109787 116225 121743 198157 198393 198393 225607 240890 242684 242684 
104 1053 1054 1054 3076 15938 16339 16339 16399 16949 16950 16960 
81332 118292 119782 121022 277896 483746 483810 483810 495345 539227 539516 540000 
92302 140130 145991 146020 149330 151176 151204 151204 214976 229472 230988 231000 
35463 126986 258739 261890 269845 500032 522274 537295 537728 539969 540000 540000 
38910 49726 49920 50056 68639 156588 157560 157991 162546 165803 165954 166000 
37952 66630 75316 76031 84363 102478 102665 110126 127386 138282 138320 138320 
169060 194342 231213 231322 237314 523778 526146 526177 526858 539449 539997 540000 
55050 88844 91811 92331 96834 146724 147790 147909 153554 166599 168157 168500 
98934 140947 145729 147955 148932 149784 150017 150017 202273 202369 214175 214520 
6 107 107 111 795 1886 1906 1907 1913 1936 1936 1936 
130232 422290 426624 432661 476979 892980 894375 894375 912077 955925 959512 974400 
96870 149616 162877 170223 470008 503032 504325 504325 517655 526932 531612 540000 
1698 2317 2319 2321 4453 171269 171281 171283 174271 174999 175000 175000 
127386 174057 265045 265177 465684 499463 500338 500338 517022 529723 532401 533700 
7014 70940 70987 71090 71219 85949 86821 86980 87467 123566 123645 124000 
3834 63934 63977 64566 68384 69928 69929 69929 98389 112141 114631 119600 
34996 70935 104756 118956 123799 181407 182642 182730 184149 186961 187396 187500 
10578 56857 58640 58890 82562 131846 138435 162782 163997 165672 166106 166500 
16968 112706 121156 122860 124091 126225 126405 126405 131565 132778 136617 136760 
22603 42458 87324 93723 133309 249855 272066 274465 276537 279100 280960 280960 
37853 47666 56951 57140 60349 164074 164280 164281 164995 166467 166500 166500 
34214 52910 56379 56762 61784 101016 101693 101693 106909 537572 539508 540000 
1155 2441 2560 2560 3803 27917 27994 28198 34363 37527 37590 37680 
39273 68139 69322 69785 94189 151539 153472 153486 161800 162058 164996 165000 
21392 24253 29845 29951 33205 177832 179196 179313 180285 182256 183000 183000 
3838 10629 11579 11579 16304 29550 30294 30298 30620 31352 31400 31400 
8590 15595 15682 15703 53895 104486 105689 105689 106689 106792 106798 106800 
43585 110243 130975 131644 132743 189669 189669 189669 189718 196763 196763 198400 
24492 48262 48834 50463 78383 519446 519690 519706 524829 526789 526875 527400 
4669 55789 63532 65611 65613 142307 142307 142307 144702 155793 170486 170500 
4332 16192 19208 19218 19552 19554 19554 19554 21584 21648 21648 21648 
43216 132010 137506 137506 160481 167508 183195 183683 185891 185922 187500 187500 
299367 329106 353642 353744 473235 512148 513798 515949 521803 539908 540000 540000 
1252 4233 4553 4561 9646 16429 16491 16491 16809 17261 17280 17280 
35153 163800 163800 163800 163800 163800 163800 163800 163800 163800 163800 163800 
1234 2273 2558 2661 3687 21636 22004 22005 22177 22442 22594 22600 
14488 28064 79245 81629 96959 175147 181480 181498 183300 184070 184500 184500 
41908 88052 95951 97965 111254 148975 149832 149965 184227 223699 223974 224000 
1547 3238 3269 3272 3409 20866 20937 20943 20991 22882 22949 23040 
7 359 359 359 10633 109411 142879 150239 150247 152546 152547 152550 
43766 70279 322609 323492 349358 710161 734390 734398 739224 761064 780228 780288 
37326 133794 137848 137850 164620 166976 167172 167172 167373 167491 167500 167500 
37923 53018 54199 54271 80983 106749 114159 114561 166291 178266 180401 180600 
10817 21965 64890 73960 75641 153563 155652 155828 159311 165030 165999 166000 
1581 6154 6928 6958 7635 13872 13944 13944 15043 15281 15360 15360 
46160 123953 125602 126052 131550 177878 178736 178737 181768 186692 187495 187500 
247238 288703 299107 300878 317238 501982 523632 531487 539537 546093 547048 547200 
181028 184618 187844 188860 306292 478852 482822 652881 721549 725190 763838 764694 
29905 90896 100823 116785 126163 156493 156770 156770 159808 166178 166476 166500 
149 417 424 424 10734 44007 65003 74456 78004 84078 84150 84150 
21561 26928 34297 34302 46487 147076 151463 151480 154409 159109 159120 159120 
20178 67174 69879 78341 149617 246343 259899 299072 301462 304337 305047 307200 
11510 29986 31327 31449 55901 114254 795362 795388 796111 797977 798692 798720 
71325 84025 84378 84378 124952 179163 182294 182295 186271 186973 187000 187000 
2974 10960 10970 10973 16310 73147 73774 73896 75700 77158 77332 77400 
35110 54167 54482 55173 93320 101595 112703 121183 133007 133049 133120 133120 
2197 13621 14664 15371 21448 186135 186315 186315 186447 187435 187494 187500 
29695 33814 34678 34688 53122 71811 71833 71833 89174 121500 121500 121500 
22934 41689 50650 50837 64319 143646 145644 145644 148972 165940 166498 166500 
87207 288049 289933 365393 370506 491160 494289 494736 495330 524232 524235 524700 
182 206 206 206 4354 9199 13461 17082 17084 17176 17176 17176 
362 12850 12866 12866 18427 74777 80001 80161 80250 80328 80400 80400 
31375 378739 421799 423534 424525 445888 446160 446160 448810 530960 537946 540000 
2170 4504 4824 4999 6097 8959 11890 24977 26080 27370 27799 27800 
24514 42903 48683 55018 245628 533626 533647 533647 534941 538827 538927 540000 
36079 65334 70974 72003 115415 506726 515221 516665 527066 537457 538042 540000 
21468 63109 71578 86264 92665 175754 177577 177643 179418 181581 182476 182500 
32919 118312 122828 123518 135010 459619 463946 463946 470704 536415 538057 538200 
27 119 119 119 1478 10988 11058 11058 11072 11180 11180 11180 
2870 15201 15367 15998 74763 159648 160940 160948 163379 163534 164000 164000 
126704 394351 422745 423058 458788 520676 524657 526585 527854 530983 530997 531000 
14587 34152 34459 35408 56200 57401 67300 147937 162567 164588 166462 166500 
2746 5491 8132 8374 9799 17959 19106 20007 20168 20200 20400 20400 
42467 116242 121085 124703 126751 132978 137722 162969 164375 165351 169551 170000 
257 666 696 707 1066 10947 11024 11024 11169 11342 11401 11440 
2131 10593 10596 11257 20986 161518 164730 165692 165890 166476 166500 166500 
26055 53199 53549 55262 215337 344424 347538 347539 513222 530592 531000 531000 
1526 4393 6340 6849 6891 6908 7009 7009 7276 7336 7500 7500 
4079 11777 14279 14348 14348 14808 14814 14814 14834 14998 15000 15000 
36405 149021 164496 173257 221556 256958 274314 274491 337655 350137 368545 368550 
22707 57522 84140 91412 91518 93136 93610 93610 94253 95261 96140 96140 
4080 7995 9112 9224 10535 10955 11026 11026 11276 11297 11310 11310 
8059 78021 78649 78873 85138 123199 123377 123377 146761 182261 186421 187000 
9890 23043 23559 24171 25194 27066 27104 27104 31938 39962 40000 40000 
1591 2616 7192 10156 10222 10231 10231 10231 11124 11303 11310 11310 
122754 341500 341500 341500 341500 341500 341500 341500 341500 341500 341500 341500 
54204 103995 174219 183106 184326 184374 185048 185048 186817 187013 187495 187500 
2734 5860 6749 6783 7824 9355 9623 9623 10435 11234 11310 11310 
44795 90541 140901 151170 163287 167663 167941 167941 169802 170960 171000 171000 
743233 1131488 1215211 1220395 1460963 1636302 1642308 1642389 1764296 1911241 1919455 1920000 
17070 60368 124640 158383 159092 161067 161886 161886 162961 164323 166489 166500 
40329 127748 136555 140711 146718 152023 152703 152703 164955 187046 187499 187500 
34725 76184 84029 86230 119193 161212 167980 168186 180051 186188 187472 187500 
5675 10596 10811 10837 14475 17692 17734 17734 18352 19200 19200 19200 
53394 67530 93206 93555 137354 181638 209420 209602 215050 217697 226929 226944 
77262 101389 109021 113671 133719 145265 145283 145283 185764 187302 187488 187500 
453620 1468675 1698731 1850150 1857787 1890121 1890931 1942485 1956428 2006161 2007416 2007761 
37071 60381 112752 168235 168671 171617 176474 176474 177853 178442 191500 191500 
1897 2882 2943 2943 3118 3700 3713 3713 4814 6585 6700 6700 
18611 90868 95990 100240 102156 121245 121867 121867 133792 140383 142400 142400 
11503 37157 37825 37921 51435 79374 79547 79549 138282 177606 187325 187500 
156850 270246 349470 369178 388120 393094 400578 400578 437792 445094 472648 480000 
557746 1231662 1716603 1784611 1831868 1926956 1966932 1967208 2084262 2170036 2237543 2237934 
178917 200000 200000 200000 200000 200000 200000 200000 200000 200000 200000 200000 
2421 4070 4301 4301 8740 15830 16998 17047 17148 17302 17324 17324 
35918 63729 74472 75752 116286 138181 147214 147536 158394 166182 166500 166500 
7039 17190 18609 18825 21848 23626 24537 24537 37487 45576 59400 59400 
89622 110799 117418 117516 124937 125036 126377 126377 156772 157714 166500 166500 
23110 59257 77310 90144 108584 134422 138067 138647 152319 165745 166823 167000 
3281 7082 7793 7793 8607 9971 10142 10142 11430 12558 12740 12740 
207 922 924 924 6643 19305 30837 32403 33815 34965 35200 35200 
3156 10347 15083 15621 16244 16578 16825 16825 16831 16948 16950 16950 
112477 281369 283483 283484 296982 333229 334627 334627 660241 676501 691200 691200 
32899 74900 74900 74900 74900 74900 74900 74900 74900 74900 74900 74900 
5042 18449 18744 19084 20244 32396 32439 32486 64319 66960 76800 76800 
21787 32961 39164 46256 82286 152701 154875 157516 171138 191978 192493 192500 
75853 130226 136585 136737 145429 166373 166391 166391 171987 186993 187090 187090 
153150 306068 352217 356368 372417 386754 388081 388081 388905 389106 389199 389200 
7759 10980 11310 11310 11310 11310 11310 11310 11310 11310 11310 11310 
59613 102833 180699 231761 238321 238806 241583 241583 266906 274506 285175 285350 
3300 6419 7355 7427 9507 12282 12362 12362 12468 12737 12740 12740 
6590 9355 9359 9359 10202 10362 10369 10369 11310 12740 12740 12740 
19957 35539 38319 38319 48025 70879 74414 74414 74986 76692 76798 76800 
2419 3718 5671 5671 6005 7087 7457 7457 7480 7500 7500 7500 
89566 95109 119888 120489 140947 141943 145626 145626 180936 181744 187441 187500 
6811 25198 27221 27248 28789 30816 31082 31099 31658 33171 33180 33180 
42000 81321 86179 88964 135144 178962 179136 179138 183700 187369 187460 187500 
1635 5743 7548 9575 9631 9647 9718 9718 9973 10068 10338 10400 
77832 101867 115276 122833 134009 148735 164061 164431 168045 175141 182500 182500 
120882 207584 214944 215761 250698 292340 295072 295072 300942 306846 307200 307200 
37236 124502 127793 127958 140835 153008 153126 153126 154651 160345 160500 160500 
61170 112225 118501 122369 136380 142278 142784 142784 154830 187267 187499 187500 
9143 32440 43250 43481 46258 74425 75913 106670 107588 107752 108300 108300 
4096 6897 10205 10761 11102 12568 12582 12582 12677 12740 12740 12740 
622454 1429446 1518307 1530846 1579709 1652736 1653540 1653540 1738424 1919041 1920000 1920000 
51559 83572 106691 108592 128710 135797 150232 150233 170345 172543 187496 187500 
3145 7887 8029 8035 8946 11933 11940 11940 12241 12603 12610 12610 
13857 29699 32857 32926 41720 94956 106867 147461 152188 160896 163985 165000 
14428 45880 56793 57155 57502 57653 57903 57903 58699 59867 59999 60000 
49443 79824 106112 106788 113618 137102 141631 157849 159384 165435 166495 166500 
6963 8910 10499 10523 11169 11881 12421 12421 12710 12855 13000 13000 
540182 975242 1042490 1045168 1367914 1613222 1640747 1652018 1693114 1703369 1705977 1707200 
53694 69959 75941 76675 85443 95424 95427 95427 99688 101346 101346 101346 
279262 613653 725310 738286 1002773 1110122 1157349 1175826 1217295 1219243 1228800 1228800 
16768 34632 37083 37164 46943 56536 61701 61701 67108 74735 75504 75504 
6587 10314 10720 10720 18496 22192 22839 22839 26312 30214 30648 30856 
72952 103849 135605 143552 148232 161617 162242 162242 164969 166022 166500 166500 
90881 136232 148076 148516 159205 167873 169082 169082 175930 186117 187500 187500 
4645 8567 8590 8691 10208 12398 12398 12398 16822 19195 19200 19200 
46411 82874 121459 125972 136669 155280 158208 158306 161614 165793 166499 166500 
3801 29874 39595 42008 42055 42104 42104 42104 42226 42478 42504 42504 
46736 47993 113416 127553 139219 142894 147245 147248 159757 161139 165975 166000 
150733 163144 171507 171507 171987 171990 172479 172479 174889 174890 175500 175500 
45 23454 23454 23454 77017 112169 112184 112184 112374 112500 112500 112500 
107088 256857 284942 285166 297944 298890 304380 304380 307031 307137 307200 307200 
27810 94656 100938 103091 132639 173458 177105 177151 184265 187148 187500 187500 
17355 47781 57500 57532 98898 125630 131367 131419 146137 146559 167500 167500 
41858 56837 67339 70353 74757 74989 75274 75274 75945 75969 76247 76275 
1686 22639 23991 26211 46881 176558 384829 427276 433129 438274 479995 480000 
43264 99002 124148 136568 150272 163512 166386 166445 170021 186545 187427 187500 
82311 123224 125640 126394 146916 151839 151846 151846 169565 175827 175828 175828 
6573 23038 30472 34509 41563 58091 70556 72199 74127 79497 80580 80960 
1966 4086 4855 4855 6628 9852 10766 10822 11981 15582 15660 15660 
9548 40533 41744 41810 80284 108599 112083 112246 136665 161403 164964 165000 
8629 11359 11759 11759 11917 11998 12001 12001 12494 12606 12610 12610 
6653 21342 22103 22600 33399 45664 46641 46744 47860 47917 48000 48000 
2145 37934 39197 43581 49273 51444 52867 52867 53064 53701 53889 53890 
7697 45682 59262 61184 68331 115390 116032 116091 116602 117592 119836 119850 
323 74725 75700 80016 80079 80340 80538 80540 80540 81173 81173 81225 
1310 29852 149648 166207 166213 166365 166382 166382 166391 166417 166499 166500 
25469 31081 37402 37402 67905 76703 78673 78673 97495 98905 102179 102180 
2698 38024 45840 45854 47568 48215 48314 48314 48810 52421 52500 52500 
68015 167976 241756 277008 277538 277681 277706 277706 293708 297224 298304 298304 
13602 81276 82384 86482 87240 88677 88677 88677 89304 89996 90000 90000 
18159 56525 81293 168246 174019 174200 177156 177157 188741 189828 193962 194000 
74248 151930 164417 164675 170176 171976 172513 172513 182070 186576 187500 187500 
86759 149839 159234 166831 173393 181612 181695 181732 185638 187483 187500 187500 
1012 28905 106840 165303 165360 165371 165583 165583 165717 165732 166500 166500 
84231 197703 244146 245035 245921 248620 248648 248648 248723 249999 250000 250000 
751 9427 12849 16939 17109 17137 17323 17323 17480 17802 17936 17936 
235 28676 35952 39779 39779 39779 39779 39779 39779 39779 39780 40000 
3578 12293 16347 18983 20810 23568 23714 23759 26316 28369 29463 29800 
50489 110951 173635 175571 176725 178621 178762 178826 181613 183672 186087 187500 
9908 14747 27661 37412 39498 55610 55629 55629 55827 60250 60250 60250 
7886 81045 89401 89401 91993 180639 182011 183700 184744 187476 187500 187500 
109518 150312 154162 154162 155746 155750 155974 155974 160400 160400 184775 187500 
97301 133934 144736 145388 147397 180186 180392 180392 182173 187092 187360 187500 
28678 66436 71483 72556 108777 138751 167596 169959 179540 184037 187337 187500 
76125 138764 182747 183717 183954 184054 186910 186910 187232 187480 187500 187500 
754 12489 13385 13561 13561 13948 13948 13948 13952 14400 14400 14400 
14103 17480 20610 26709 27424 27424 27424 27424 46998 47075 47075 47075 
10802 64823 83235 90896 91909 113424 113709 113717 118843 163044 163500 163500 
1472 40409 41641 43020 43253 43509 43585 43585 43870 44241 44485 44485 
50358 81987 90651 90968 105716 109378 109408 109408 112474 114019 116958 116958 
24348 73928 100740 121018 126021 166790 171697 171718 177227 186386 187498 187500 
57418 156533 158821 158857 165192 165241 165480 165480 185141 185916 187500 187500 
50566 76130 126573 172618 173050 174100 176689 176699 178894 182092 187192 187500 
73636 85247 112243 119426 142280 149759 167044 169506 190534 193650 196496 196500 
497 110326 111198 111503 120691 127718 133983 133986 134354 134920 134992 134992 
2186 78469 82299 89552 91403 92109 92322 92322 92986 93591 93600 93600 
32651 122401 124664 126076 145428 167706 168976 169038 186425 187346 187500 187500 
9126 22289 26603 26661 27914 34885 35063 35063 35913 38761 40019 40120 
95156 127265 177184 177862 179912 180026 184712 184929 185629 185657 186000 186000 
64164 74785 96678 99898 124945 136931 139846 139928 144333 144829 145953 146000 
10327 569360 573415 583868 631452 642362 684807 685709 699488 721555 732920 734208 
6252 34476 141761 163401 163463 163826 164162 164162 164500 164852 166500 166500 
45356 90410 112014 112042 115435 131452 131581 131581 143970 187139 187500 187500 
12629 46776 73280 73308 74724 76848 77955 77955 80341 82660 82800 82800 
9039 51786 65684 92935 98769 112024 141164 144091 152650 153361 160077 161500 
687 23972 24415 27408 27578 28084 29589 29712 29713 30491 30510 30510 
1051451 6647632 6995086 7638949 8052619 8126786 8160342 8160354 8338980 9979905 9980916 9980928 
29163 55611 70177 72430 73453 88074 88074 88074 88255 99120 99120 99120 
81175 119049 123243 123243 131682 131682 136990 136990 145871 145895 185684 187500 
5290 15223 48516 172712 173720 173746 174027 174027 183136 183793 187500 187500 
9949 79805 109592 147480 148196 150899 150899 150899 163536 186298 187500 187500 
15103 90348 99120 107424 118676 173623 185669 185696 187582 200224 201134 201150 
2215 6411 9615 12144 17085 18227 18317 18317 18647 19946 19982 19995 
65162 363212 367236 369495 369589 373696 373909 373909 374394 374774 374976 374976 
1034 3057 3788 4040 4121 4267 4273 4273 4811 5225 5250 5250 
1560 53893 59068 83123 83126 83126 83126 83126 83193 83204 83242 83250 
33934 51713 79577 86020 100957 169976 176697 176797 183433 186314 187492 187500 
43515 69145 135697 135824 147283 155799 164261 164261 165017 166263 166499 166500 
20923 39030 56828 57540 68112 154467 169325 172461 180665 185746 187489 187500 
39918 117740 119197 119204 120807 134629 135167 135167 137414 144771 145000 145000 
94841 108322 109518 109518 122388 122399 122887 122887 142976 143401 182192 187500 
51856 81698 95872 100094 105107 177503 177976 178022 182357 187268 187499 187500 
14403 21069 40928 55991 56499 56499 60831 60831 61916 61917 77440 77440 
3357 129769 133290 154490 158040 176028 176583 178408 178459 179993 180000 180000 
14321 79031 90112 91092 91489 122279 122358 122387 134904 194934 194999 195000 
91193 95667 112836 112846 151044 175191 177799 177799 181632 187046 187486 187500 
23553 54336 67960 81692 85009 95949 98198 99950 107722 121649 124874 131376 
12469 22539 166147 185583 185751 187169 187184 187184 187199 187499 187500 187500 
5337 47043 94843 187001 187078 187288 187292 187292 187357 187453 187500 187500 
44660 138439 169223 176511 178254 179969 180715 180716 182921 186692 187321 187500 
412 5502 5720 5747 5837 6301 6301 6301 6332 6724 6724 6724 
11631 25429 30557 32410 34207 40359 40941 40950 43677 46345 46874 46992 
24812 29742 37463 38165 47375 51185 51640 51673 148783 163854 165796 166000 
32814 102495 111884 113056 134581 141731 144466 144473 149533 187472 187500 187500 
22801 39733 67646 82049 109792 132423 147784 147784 169652 221084 221600 221600 
53413 81842 99034 104202 120784 158093 178606 179165 185309 186308 200001 200500 
10742 80981 91485 97844 97846 101337 101337 101337 101510 102395 102400 102400 
24790 55313 72645 101278 118721 123603 131020 131021 155476 166411 187498 187500 
124 1857 3642 3748 3748 4122 4122 4122 4185 4714 4818 4818 
4397 16049 32274 81948 82400 86786 110187 145413 148780 149491 166500 166500 
449 6470 7281 9602 9602 9627 9627 9627 9627 10080 10080 10080 
48963 124270 141642 142023 149450 166958 169631 170802 176370 187018 187500 187500 
4038 30672 30672 30672 30672 31024 31024 31024 32608 33000 33000 33000 
36268 148326 235587 246844 257954 287102 288554 288605 298109 298199 298200 298200 
22252 110172 121247 121684 129930 130682 135385 135389 145207 146399 147196 147200 
1854 6743 9672 9803 9806 10119 10119 10119 10144 10795 10795 10795 
1491 26867 28004 28005 28175 28580 28580 28580 29275 30078 30080 30080 
70387 101071 129087 130044 134356 135093 135765 135772 139595 139604 187351 187500 
8238 33684 36134 36141 36157 36160 36258 36258 36315 36339 36480 36480 
62920 104158 157586 157587 158591 159292 159460 159460 183133 184011 187500 187500 
31704 43135 65233 94208 116284 181195 183332 183366 186519 187045 187500 187500 
79889 96378 132205 132225 132253 132467 135829 135832 135989 136162 140000 140000 
26040 57593 75578 79547 87888 128256 132560 134174 150961 154758 165839 166000 
24754 115710 153402 159977 162113 163702 163867 164454 165843 166303 166500 166500 
37833 111297 111420 113546 133675 170795 170800 170801 175729 187499 187500 187500 
1688 7781 8498 8878 9402 11464 11654 11654 11961 13642 13775 13775 
23107 60974 78692 83569 113378 165639 169607 169696 181964 183851 187500 187500 
287 12153 12153 12153 12355 13083 13369 13373 13568 14689 14700 14700 
2620 82771 86612 89442 90821 92131 92167 92167 92632 94495 94500 94500 
29728 115815 121988 121988 121990 122023 122112 122112 122235 122426 122500 122500 
23716 36748 55892 56049 115605 119391 125289 125289 127086 127787 129055 129055 
442 26318 26338 26338 28797 29610 29630 29630 29684 30080 30080 30080 
47830 145625 150333 152161 152378 182075 182075 182075 185423 187500 187500 187500 
22182 120486 137210 141637 148753 153951 160215 160258 174737 180674 187494 187500 
380 5933 15924 43036 43036 43036 43290 43290 43296 43296 43776 43776 
93840 133838 164418 164418 164420 164420 165130 165130 165163 165163 166500 166500 
12895 35774 53769 55878 69297 152472 153976 153992 153999 156442 156489 156500 
1028 130919 134664 135342 135673 136734 136755 136755 136893 138922 138928 138928 
13138 26395 28709 29103 33111 36542 37338 37358 39623 43058 43200 43200 
44309 111694 153761 155882 160749 162127 162423 162423 165641 166334 166500 166500 
12095 46548 47832 47848 54141 64787 67556 68574 69082 69287 69960 70610 
5625 20752 103028 186750 186878 187213 187216 187216 187255 187499 187500 187500 
15093 80728 83743 84203 85644 95113 95742 95742 102923 163662 166421 166500 
66422 176301 368758 715439 719248 719463 719900 719900 721183 722165 722291 722296 
25050 98353 137921 141153 145424 149334 153751 154075 160854 165300 165997 166000 
1370 69145 70520 76518 78437 78969 79131 79131 79593 89895 90000 90000 
40458 84467 96957 98130 100782 161108 161501 161501 162414 166490 167000 167000 
37232 59775 108632 119742 123849 135841 142950 142982 144170 149142 149804 151656 
27681 58365 61419 61818 83072 119100 119437 119471 130057 134257 151526 166000 
38648 65200 76658 78471 116991 126722 151967 154518 165460 167907 182227 187500 
75812 135829 141301 143305 165322 165496 165799 165799 166170 166176 166443 166500 
26420 66375 174179 201715 201832 201919 202306 202306 203002 203020 208498 208500 
4275 22822 58425 156652 157684 158432 160201 160201 160852 161796 164009 166500 
5095 82345 145647 167293 167293 167293 167311 167311 167316 167344 167500 167500 
45033 98885 126737 159069 160846 163520 165190 165190 165410 166755 166995 167000 
10304 51790 66525 97717 99844 101163 107513 109014 117156 143394 150489 153500 
46596 126999 145949 155449 155813 157970 160148 160148 160546 160861 166498 166500 
12281 94526 135395 143088 143213 143321 146543 146546 152095 162341 166858 167000 
21941 31076 127174 139642 148674 160765 226030 240032 242658 244404 249406 249500 
16440 65496 106830 179399 179548 180502 180546 180546 181133 182525 182886 183000 
10390 155014 198424 236430 236436 236444 236500 236500 237580 241649 242700 247500 
13644 42502 131616 140752 143167 153925 156744 157837 159760 162173 166166 166500 
16320 134045 136757 142373 145615 147174 151840 151883 162954 165733 165744 166000 
38089 39905 111570 150924 151719 153220 153464 153464 164313 165200 167000 167000 
37941 40617 117883 157834 158467 159971 160118 160118 166337 166472 167000 167000 
20246 58217 93580 109869 113544 120461 124833 125907 134446 153837 172325 190500 
47010 53647 115524 130733 157496 157704 158857 158857 164728 164978 166500 166500 
81299 90138 107865 110549 118997 154783 155247 155260 160121 166116 166494 166500 
37561 100138 126611 130395 148197 165748 168585 168587 178533 182460 187494 187500 
15228 54658 85222 87941 94374 142769 149307 149369 150373 159841 166409 166500 
46980 71985 115772 149598 158598 163776 164226 164267 166474 166504 167000 167000 
3596 75451 75748 80251 83024 157135 157765 158420 159835 165710 166011 166500 
73931 101408 178252 184553 186235 186307 198753 198753 203636 203736 208499 208500 
14596 89876 130527 165831 166087 166087 166333 166333 166402 166402 166500 166500 
95246 121107 129055 149337 154937 159126 159250 159262 166265 166752 166999 167000 
997 106890 107409 109454 110809 133404 133757 133895 135551 164503 165259 166500 
4828 38232 64042 111411 111667 158244 158439 158441 159020 164143 165100 167000 
3803 94013 120612 141727 141982 142764 142954 142955 143731 145474 146490 146500 
13033 90172 131194 140020 142587 150083 152033 152093 153391 161368 161760 166500 
26355 57570 79597 98778 109217 152862 157058 157060 161486 165640 166865 167000 
53086 133323 142776 142929 149264 150264 152218 152218 157805 162720 164500 164500 
17443 18295 77499 150033 150960 153418 153543 153543 164981 164992 167000 167000 
32830 81080 82691 82965 89489 164600 190815 192448 207051 217609 217991 218000 
73102 74353 88799 139736 144636 145266 145591 145594 166123 166123 167000 167000 
28249 72561 143145 159669 159871 159872 160306 160306 161982 161986 166500 166500 
19535 26918 88063 156026 159262 159469 160135 160135 161194 161194 167000 167000 
43379 80905 100798 100841 101059 101889 107029 107029 116354 118084 166494 166500 
71562 121251 133228 134190 135591 140739 140744 140744 146840 149828 151998 152000 
3016 101198 116985 164727 164728 165136 165136 165136 165139 166500 166500 166500 
53 973 91302 186985 186985 186985 186991 186991 187006 187016 187500 187500 
93313 150266 174292 188191 235079 236641 242707 242713 246483 246835 249834 250000 
26212 55540 151277 169161 169332 169343 170974 170974 171125 171137 183993 184000 
23375 45171 107097 126897 131048 138432 144126 164663 165357 165397 165978 166500 
76239 940418 1048300 1066712 1090165 1094730 1124566 1124566 1197096 1237455 1310720 1310720 
25081 100373 122125 159823 161763 162210 162635 162635 164623 165560 166052 166500 
16105 52091 89042 89343 145708 145831 147719 147720 154290 154571 166412 166500 
21883 86107 99710 101991 109881 146040 149034 149034 153193 166220 166484 166500 
28821 111237 134983 159363 159645 161139 161728 161808 163329 164954 165761 166500 
15153 32348 45626 53132 55146 56046 73535 74015 87516 88225 163235 166500 
37303 46721 107736 113934 127855 128167 157725 158903 163954 164621 166499 166500 
42944 83972 113684 145906 177256 177343 177398 177398 186385 187342 187500 187500 
3536 135667 136124 136660 138336 158574 162321 162417 162696 163577 166129 166500 
30969 91578 117837 129265 133376 154697 155055 157406 157531 158369 161292 166500 
48663 134206 138690 149977 164508 165705 166172 166183 177286 180317 180494 180500 
8861 15515 30460 30834 42519 62207 66344 66908 119079 150311 166434 166500 
89355 111333 122785 130629 159758 164659 164731 164814 172363 183112 183402 187500 
49654 96196 98941 101320 130474 154797 157883 160039 174206 185041 186285 187500 
14496 49629 72484 75245 110903 129889 134504 134514 135377 153183 162792 166500 
28115 103640 166709 182653 183874 202809 225993 226106 226755 232848 232994 233000 
40038 98791 124727 126927 133813 151270 158690 159546 161025 162282 166260 167500 
81404 89383 118546 163501 164494 165062 165281 165284 166421 166426 167000 167000 
461 38598 100694 154594 154597 154818 154896 154896 154912 155489 166475 166500 
101716 127823 135737 140051 140560 141276 144189 144189 145076 147590 152245 159500 
55398 65410 69484 81493 123642 126028 165002 165179 172346 174824 176806 179500 
81749 101412 102587 102608 105408 105591 106117 106117 129749 142797 156155 161000 
25561 71560 98127 121596 126551 145666 146688 146826 155517 156045 156492 156500 
26441 61143 86329 110747 111123 150512 150591 150700 151562 152121 159457 166500 
16308 64734 133566 157348 157399 157442 157552 157552 157808 157887 166398 166500 
1424 3269 3303 3303 21444 113169 141896 156422 160940 189939 190498 190500 
21622 103287 122482 139050 144891 145789 145793 145793 147946 166979 166999 167000 
10159 87695 134550 143076 143530 164039 164141 164883 165114 166270 166436 166500 
24178 78159 90043 95662 99637 114966 124001 124145 131268 134946 138857 140500 
41124 48789 92864 152934 154095 155851 156296 156311 160045 160053 166999 167000 
84179 166500 166500 166500 166500 166500 166500 166500 166500 166500 166500 166500 
11290 155256 156871 157274 157316 159877 159877 159877 159887 167000 167000 167000 
23802 70036 110756 155988 157247 157274 157742 157742 165617 165732 166500 166500 
28009 86972 147341 147821 149667 172974 173175 173179 178146 181745 186373 186500 
37663 107478 111080 111098 121903 157447 157944 160629 165516 166831 167000 167000 
9703 83686 104133 165246 165587 166394 166426 166427 166674 166824 167000 167000 
15486 76581 123749 149624 150129 150557 165202 165203 165294 166165 166360 166500 
4839 8767 8772 8772 38506 71640 75894 76509 86316 87501 87850 87850 
21069 109214 112407 116601 142996 152462 152533 152533 160999 166037 166368 166500 
109819 166500 166500 166500 166500 166500 166500 166500 166500 166500 166500 166500 
11002 33037 40279 45838 52620 92013 93634 95898 98991 101683 112074 112500 
96212 112256 132850 135619 176599 178603 196598 196600 199863 200308 201718 202000 
20075 28885 39199 42124 81676 114213 125837 132865 153331 161473 166165 166500 
110851 166500 166500 166500 166500 166500 166500 166500 166500 166500 166500 166500 
11190 35421 47626 123208 127115 128360 136304 148538 152659 153764 155878 168000 
876 33607 40024 53389 55081 154604 154613 154614 154620 155540 155576 166500 
64 138828 144658 181528 181547 185111 185467 185475 185499 190418 191557 192000 
22018 94389 97015 99559 100728 150871 150930 151261 158277 165355 165527 167500 
63777 110228 119377 119476 132970 179492 179718 179718 181553 186180 186934 187500 
86784 101908 114341 139430 150357 158845 159114 159134 166099 166694 166999 167000 
88025 125540 144180 147238 178862 181393 198670 198673 200927 202038 203601 204000 
7529 16037 68959 124763 126212 145620 156862 165992 166083 166083 166999 167000 
28182 92425 111255 153566 171993 175081 178221 178337 204406 209239 214105 216000 
65377 69718 153273 153572 156511 157083 157595 157595 165248 165646 167500 167500 
14667 16346 20924 20942 35197 102758 104636 104639 152826 153879 163680 167500 
28311 69257 74710 75497 107437 129008 135175 137398 155192 163407 166140 166500 
20592 49095 115482 134929 136216 159604 159683 159684 161036 162096 166500 166500 
19811 34327 62756 158637 158641 158644 158694 158694 162540 162552 166452 166500 
42555 120043 123899 131482 144854 151402 151562 151562 156771 166881 166982 167000 
5708 74402 77379 79151 88914 94791 158764 160808 166101 166300 166461 166500 
6929 28868 40460 183717 191385 208172 208232 208232 208801 214184 214500 214500 
90311 141053 150828 154189 167736 177481 178274 178274 184193 186683 187442 187500 
59662 113801 139499 147894 151536 152595 153670 153670 165754 169515 174994 175000 
10146 12071 87187 153687 156203 156700 157102 157107 160278 160279 166999 167000 
75082 145663 175415 175833 177063 185198 185479 185479 186114 187191 187395 187500 
